100 1.450398
200 1.460043
300 1.474282
400 1.484583
500 1.495770
600 1.507485
700 1.504398
800 1.492454
900 1.494261
1000 1.488119
1100 1.487049
1200 1.486010
1300 1.488707
1400 1.489769
1500 1.486575
1600 1.478553
1700 1.473866
1800 1.470440
1900 1.472479
2000 1.472942
2100 1.474808
2200 1.472403
2300 1.475788
2400 1.478797
2500 1.481158
2600 1.478326
2700 1.482149
2800 1.483495
2900 1.480721
3000 1.481180
3100 1.481184
3200 1.480475
3300 1.481235
3400 1.480090
3500 1.479115
3600 1.478627
3700 1.476212
3800 1.475715
3900 1.474962
4000 1.474841
4100 1.476784
4200 1.478276
4300 1.476493
4400 1.475427
4500 1.475851
4600 1.476673
4700 1.477786
4800 1.478033
4900 1.477351
5000 1.480400
5100 1.479767
5200 1.478789
5300 1.478757
5400 1.479220
5500 1.478178
5600 1.475571
5700 1.475372
5800 1.474302
5900 1.473690
6000 1.473070
6100 1.473655
6200 1.474199
6300 1.474236
6400 1.475216
6500 1.475140
6600 1.474859
6700 1.472089
6800 1.471169
6900 1.471801
7000 1.472379
7100 1.473020
7200 1.474821
7300 1.473342
7400 1.473976
7500 1.473531
7600 1.473462
7700 1.471927
7800 1.471622
7900 1.471830
8000 1.472686
8100 1.472777
8200 1.472713
8300 1.471666
8400 1.472122
8500 1.472410
8600 1.472336
8700 1.471841
8800 1.471416
8900 1.472541
9000 1.473706
9100 1.473213
9200 1.472455
9300 1.472190
9400 1.471452
9500 1.471458
9600 1.471489
9700 1.471178
9800 1.470864
9900 1.471267
10000 1.472054
10100 1.471515
10200 1.471372
10300 1.470569
10400 1.470393
10500 1.470481
10600 1.470257
10700 1.470169
10800 1.471183
10900 1.471157
11000 1.470583
11100 1.470315
11200 1.470119
11300 1.470000
11400 1.469470
11500 1.469020
11600 1.469015
11700 1.468347
11800 1.468389
11900 1.470010
12000 1.469846
12100 1.470875
12200 1.470111
12300 1.470870
12400 1.470332
12500 1.470235
12600 1.470781
12700 1.470799
12800 1.470487
12900 1.470968
13000 1.471252
13100 1.471827
13200 1.472464
13300 1.471777
13400 1.471324
13500 1.471581
13600 1.471438
13700 1.471704
13800 1.471817
13900 1.471305
14000 1.470583
14100 1.471019
14200 1.471483
14300 1.470676
14400 1.470382
14500 1.470101
14600 1.470247
14700 1.470809
14800 1.471002
14900 1.470982
15000 1.471572
15100 1.471351
15200 1.471379
15300 1.472152
15400 1.472838
15500 1.472742
15600 1.472397
15700 1.472112
15800 1.472305
15900 1.472405
16000 1.472201
16100 1.471817
16200 1.471635
16300 1.471259
16400 1.470475
16500 1.470142
16600 1.470558
16700 1.470212
16800 1.470196
16900 1.470017
17000 1.469412
17100 1.469828
17200 1.470221
17300 1.469764
17400 1.470316
17500 1.470077
17600 1.470171
17700 1.470182
17800 1.470350
17900 1.469861
18000 1.469573
18100 1.469628
18200 1.470065
18300 1.469926
18400 1.469790
18500 1.470425
18600 1.470258
18700 1.470465
18800 1.470174
18900 1.470028
19000 1.469817
19100 1.469932
19200 1.469573
19300 1.469479
19400 1.469143
19500 1.469733
19600 1.469309
19700 1.469516
19800 1.469219
19900 1.469128
20000 1.469114
20100 1.468611
20200 1.468654
20300 1.468467
20400 1.468588
20500 1.468852
20600 1.469313
20700 1.469240
20800 1.468821
20900 1.468831
21000 1.468494
21100 1.468378
21200 1.468770
21300 1.468575
21400 1.468775
21500 1.468418
21600 1.468172
21700 1.468317
21800 1.468032
21900 1.468685
22000 1.468967
22100 1.468969
22200 1.468702
22300 1.468956
22400 1.468602
22500 1.468893
22600 1.468527
22700 1.468726
22800 1.468795
22900 1.468669
23000 1.468926
23100 1.469065
23200 1.469001
23300 1.468769
23400 1.468577
23500 1.468431
23600 1.469064
23700 1.469104
23800 1.469080
23900 1.469174
24000 1.468837
24100 1.468733
24200 1.468937
24300 1.468972
24400 1.469544
24500 1.469788
24600 1.469845
24700 1.469832
24800 1.469837
24900 1.469503
25000 1.469505
25100 1.469874
25200 1.469673
25300 1.469802
25400 1.470164
25500 1.470209
25600 1.470220
25700 1.470512
25800 1.470486
25900 1.470624
26000 1.470999
26100 1.471062
26200 1.471001
26300 1.470658
26400 1.470759
26500 1.470674
26600 1.470551
26700 1.470647
26800 1.470691
26900 1.470952
27000 1.470833
27100 1.470670
27200 1.470930
27300 1.471211
27400 1.471214
27500 1.471020
27600 1.471127
27700 1.471070
27800 1.471226
27900 1.471336
28000 1.471302
28100 1.470960
28200 1.470720
28300 1.470786
28400 1.470817
28500 1.471299
28600 1.471136
28700 1.471181
28800 1.471595
28900 1.471510
29000 1.471436
29100 1.471392
29200 1.471456
29300 1.471501
29400 1.471675
29500 1.471913
29600 1.472106
29700 1.471858
29800 1.471718
29900 1.471623
30000 1.471374
30100 1.471285
30200 1.471184
30300 1.471015
30400 1.470872
30500 1.470918
30600 1.470904
30700 1.471013
30800 1.471033
30900 1.470810
31000 1.470877
31100 1.470912
31200 1.470859
31300 1.470955
31400 1.471103
31500 1.471078
31600 1.471464
31700 1.471330
31800 1.471749
31900 1.471917
32000 1.471650
32100 1.471995
32200 1.472045
32300 1.472042
32400 1.471826
32500 1.471711
32600 1.471828
32700 1.471970
32800 1.471575
32900 1.471727
33000 1.471725
33100 1.471570
33200 1.471355
33300 1.471580
33400 1.471454
33500 1.471420
33600 1.471070
33700 1.470862
33800 1.470646
33900 1.470559
34000 1.470818
34100 1.470820
34200 1.470996
34300 1.470901
34400 1.471006
34500 1.470827
34600 1.471232
34700 1.471313
34800 1.471238
34900 1.471000
35000 1.471080
35100 1.471080
35200 1.470956
35300 1.471518
35400 1.471528
35500 1.471552
35600 1.471689
35700 1.471732
35800 1.471670
35900 1.471612
36000 1.471436
