100 0.00000000003745714849
200 0.00000000001335154209
300 0.00000000006351652537
400 0.00000000008917599992
500 0.00000000024125701437
600 0.00000000016699885919
700 0.00000000010326606237
800 0.00000000013168066637
900 0.00000000014357959266
1000 0.00000000003744182742
1100 0.00000000014484191624
1200 0.00000000001114552894
1300 0.00000000021319901400
1400 0.00000000013770962148
1500 0.00000000072593575595
1600 0.00000000033421709844
1700 0.00000000078554807104
1800 0.00000000068664052222
1900 0.00000000079457040947
2000 0.00000000095001828626
2100 0.00000000129620336686
2200 0.00000000063878347056
2300 0.00000000007719425099
2400 0.00000000080478179676
2500 0.00000000060160476600
2600 0.00000000032083624646
2700 0.00000000132512800732
2800 0.00000000014573231510
2900 0.00000000060060467710
3000 0.00000000112014220122
3100 0.00000000006968026156
3200 0.00000000079101236672
3300 0.00000000162878954768
3400 0.00000000081821216469
3500 0.00000000215036077833
3600 0.00000000209741890522
3700 0.00000000189320248367
3800 0.00000000378104259013
3900 0.00000000404162125989
4000 0.00000000437036673517
4100 0.00000000428059077073
4200 0.00000000241138642387
4300 0.00000000213428319462
4400 0.00000000242645681325
4500 0.00000000364930974328
4600 0.00000000268371835865
4700 0.00000000252774712273
4800 0.00000000140667033577
4900 0.00000000212840500780
5000 0.00000000129231758628
5100 0.00000000035809999410
5200 0.00000000047871862030
5300 0.00000000062070748541
5400 0.00000000101526653751
5500 0.00000000029507840615
5600 0.00000000259305421579
5700 0.00000000428663682328
5800 0.00000000297762481338
5900 0.00000000436243530189
6000 0.00000000215598339182
6100 0.00000000164122937463
6200 0.00000000039673531127
6300 0.00000000055345683592
6400 0.00000000024113022690
6500 0.00000000120555410099
6600 0.00000000224351381917
6700 0.00000000101174557621
6800 0.00000000212699680091
6900 0.00000000243106068609
7000 0.00000000332141603110
7100 0.00000000070573857869
7200 0.00000000164182134554
7300 0.00000000506503861075
7400 0.00000000151597134845
7500 0.00000000188843563009
7600 0.00000000573916536517
7700 0.00000000744063721747
7800 0.00000000870801053487
7900 0.00000000645531028631
8000 0.00000000452868786915
8100 0.00000000501430363897
8200 0.00000000668665278702
8300 0.00000000608265615654
8400 0.00000000638800368158
8500 0.00000000555226464805
8600 0.00000000570917912945
8700 0.00000000995940330206
8800 0.00000000966053392837
8900 0.00000001004194594145
9000 0.00000000798638466470
9100 0.00000000828498936123
9200 0.00000000464314875437
9300 0.00000000212776618547
9400 0.00000000129899668799
9500 0.00000000484066720041
9600 0.00000000228271246350
9700 0.00000000122191523566
9800 0.00000000509650210923
9900 0.00000001141505290292
10000 0.00000001254247217197
10100 0.00000001497362900338
10200 0.00000001669687521577
10300 0.00000001747460598445
10400 0.00000001927294213111
10500 0.00000002396048537356
10600 0.00000002319351288804
10700 0.00000002327489267984
10800 0.00000001967703777694
10900 0.00000001785634795581
11000 0.00000001873914468042
11100 0.00000001716095199278
11200 0.00000001772479207851
11300 0.00000001113285774679
11400 0.00000001605755839407
11500 0.00000001783667591404
11600 0.00000001374410385502
11700 0.00000000998726989998
11800 0.00000000713507075645
11900 0.00000000682757383963
12000 0.00000000774358710487
12100 0.00000001025778084696
12200 0.00000001128169069275
12300 0.00000001143238015366
12400 0.00000001348824141267
12500 0.00000001864127785467
12600 0.00000001956628170596
12700 0.00000002157779910306
12800 0.00000002119271069745
12900 0.00000001955387807229
13000 0.00000002097725304573
13100 0.00000002064200610441
13200 0.00000001057646259461
13300 0.00000000996357818472
13400 0.00000000840200109486
13500 0.00000000827942758796
13600 0.00000002285764111321
13700 0.00000001405846083991
13800 0.00000001042697550524
13900 0.00000000908687369794
14000 0.00000000812147504803
14100 0.00000000249294540566
14200 0.00000000618877193936
14300 0.00000001221713619159
14400 0.00000000384866893910
14500 0.00000001130552074180
14600 0.00000001858469356186
14700 0.00000001420320239198
14800 0.00000001160157769853
14900 0.00000001043633712783
15000 0.00000001598193866137
15100 0.00000002744592952908
15200 0.00000003518109137346
15300 0.00000003377690838136
15400 0.00000003425012717884
15500 0.00000003216619659518
15600 0.00000003185778618686
15700 0.00000002638955876044
15800 0.00000001972633878466
15900 0.00000002011480759734
16000 0.00000002318812653002
16100 0.00000001833657936601
16200 0.00000002187357650563
16300 0.00000002317551861530
16400 0.00000001951235684139
16500 0.00000001967329277264
16600 0.00000002510635743747
16700 0.00000002714077962374
16800 0.00000002433497581222
16900 0.00000002665395149037
17000 0.00000002582394675876
17100 0.00000002885412042630
17200 0.00000003105487955679
17300 0.00000002763652373616
17400 0.00000003318273344988
17500 0.00000003389551372912
17600 0.00000002988106162505
17700 0.00000003213005705938
17800 0.00000002444334334939
17900 0.00000002838040891184
18000 0.00000002807490306900
18100 0.00000003133586168325
18200 0.00000003171690621251
18300 0.00000003005588955496
18400 0.00000002873955495808
18500 0.00000002594441550485
18600 0.00000002488591688277
18700 0.00000002673634380557
18800 0.00000002245082963981
18900 0.00000003567491080325
19000 0.00000002931639730974
19100 0.00000001759308543292
19200 0.00000001373069302701
19300 0.00000002004303500946
19400 0.00000000099349040106
19500 0.00000000970348823515
19600 0.00000001480922451336
19700 0.00000002519540487356
19800 0.00000002385115993597
19900 0.00000002488448291871
20000 0.00000001979486419224
20100 0.00000001379543079771
20200 0.00000000680605571901
20300 0.00000000564109314816
20400 0.00000000447330017472
20500 0.00000000726841875576
20600 0.00000000067120708991
20700 0.00000000320712412183
20800 0.00000000252808929346
20900 0.00000000581224490759
21000 0.00000000355220186599
21100 0.00000000085442586339
21200 0.00000000849067460784
21300 0.00000000153979851092
21400 0.00000000048696402466
21500 0.00000000686376488979
21600 0.00000002243785024447
21700 0.00000002772609519752
21800 0.00000002659866749077
21900 0.00000003406766624359
22000 0.00000002403639864923
22100 0.00000002549364830351
22200 0.00000002429335488330
22300 0.00000002885927030682
22400 0.00000002432662604690
22500 0.00000002580517777240
22600 0.00000000981828640612
22700 0.00000000091878571418
22800 0.00000000257072496623
22900 0.00000000636169961155
23000 0.00000000868950733590
23100 0.00000001245207559286
23200 0.00000001417074924071
23300 0.00000002284782740780
23400 0.00000001927443027405
23500 0.00000001577097319405
23600 0.00000002109368790748
23700 0.00000001164693586020
23800 0.00000000392360344215
23900 0.00000000445452674747
24000 0.00000000219912021926
24100 0.00000000035888403360
24200 0.00000000149768419888
24300 0.00000000456652005099
24400 0.00000001278675965111
24500 0.00000001186822973231
24600 0.00000000646624798151
24700 0.00000000105613517931
24800 0.00000000402001543165
24900 0.00000000943032829603
25000 0.00000001433594443156
25100 0.00000002599185866536
25200 0.00000002157833645100
25300 0.00000001801636417831
25400 0.00000001490758871903
25500 0.00000001701317309255
25600 0.00000002432372192551
25700 0.00000002713289193323
25800 0.00000002889604822087
25900 0.00000002503817042587
26000 0.00000002630368967083
26100 0.00000002296322465511
26200 0.00000002622340700142
26300 0.00000003311502383418
26400 0.00000001997935750175
26500 0.00000002479538330213
26600 0.00000004144926379901
26700 0.00000004364348238362
26800 0.00000005389291635183
26900 0.00000004992665436632
27000 0.00000003738983522794
27100 0.00000004239020734431
27200 0.00000005272877623419
27300 0.00000004997781299920
27400 0.00000005406792036311
27500 0.00000006744214831045
27600 0.00000007340711305481
27700 0.00000005636094435602
27800 0.00000004961995347941
27900 0.00000006443791211730
28000 0.00000007151706182817
28100 0.00000007094062359769
28200 0.00000005926853563487
28300 0.00000006785378103835
28400 0.00000006339889990770
28500 0.00000005934653524164
28600 0.00000005674271097433
28700 0.00000005007601866502
28800 0.00000006464869573009
28900 0.00000006603330970911
29000 0.00000005936869773571
29100 0.00000005663260793654
29200 0.00000005895711829851
29300 0.00000006402747376733
29400 0.00000006670081487137
29500 0.00000005261926183664
29600 0.00000005078283038529
29700 0.00000004372012774034
29800 0.00000004089404392893
29900 0.00000004451868584887
30000 0.00000003351746169500
30100 0.00000003115488711458
30200 0.00000003924137970124
30300 0.00000004260642438858
30400 0.00000005388544965790
30500 0.00000007860138717675
30600 0.00000007548483060837
30700 0.00000007530216494800
30800 0.00000005789957602254
30900 0.00000005375868372681
31000 0.00000007192922502064
31100 0.00000007774630739199
31200 0.00000007780531485757
31300 0.00000008013666930040
31400 0.00000006196636848088
31500 0.00000006448532019476
31600 0.00000006270758978744
31700 0.00000006199466251466
31800 0.00000006595316848212
31900 0.00000006436717936431
32000 0.00000005763006716286
32100 0.00000005440196892970
32200 0.00000005981393869092
32300 0.00000006633358662356
32400 0.00000005587862794698
32500 0.00000005918597834054
32600 0.00000005971743077815
32700 0.00000006291292065086
32800 0.00000005970512040321
32900 0.00000005783016665539
33000 0.00000005159703997393
33100 0.00000005398125502154
33200 0.00000004012824983413
33300 0.00000005815097625650
33400 0.00000006678948749617
33500 0.00000006666718399551
33600 0.00000006548428355124
33700 0.00000005569361261060
33800 0.00000006093321180956
33900 0.00000005754446252837
34000 0.00000005614160358824
34100 0.00000006498971982793
34200 0.00000006245570194352
34300 0.00000005009461312433
34400 0.00000003854834584871
34500 0.00000003065795683987
34600 0.00000001270225857830
34700 0.00000000931343580035
34800 0.00000002686658007178
34900 0.00000003088543865104
35000 0.00000003059075925904
35100 0.00000002976571855662
35200 0.00000002256483888630
35300 0.00000002080571248619
35400 0.00000001281106420947
35500 0.00000001237734315040
35600 0.00000002499495965758
35700 0.00000003773330869983
35800 0.00000002707501933763
35900 0.00000003560496586452
36000 0.00000002664505349692
