100 0.014332
200 0.014427
300 0.014603
400 0.014742
500 0.014835
600 0.014959
700 0.014939
800 0.014877
900 0.014922
1000 0.014865
1100 0.014860
1200 0.014851
1300 0.014852
1400 0.014861
1500 0.014846
1600 0.014781
1700 0.014754
1800 0.014734
1900 0.014755
2000 0.014764
2100 0.014779
2200 0.014748
2300 0.014780
2400 0.014809
2500 0.014827
2600 0.014807
2700 0.014832
2800 0.014853
2900 0.014829
3000 0.014832
3100 0.014824
3200 0.014813
3300 0.014820
3400 0.014807
3500 0.014798
3600 0.014789
3700 0.014764
3800 0.014758
3900 0.014747
4000 0.014746
4100 0.014757
4200 0.014771
4300 0.014759
4400 0.014746
4500 0.014750
4600 0.014756
4700 0.014765
4800 0.014767
4900 0.014764
5000 0.014791
5100 0.014789
5200 0.014777
5300 0.014780
5400 0.014782
5500 0.014774
5600 0.014749
5700 0.014750
5800 0.014739
5900 0.014735
6000 0.014733
6100 0.014740
6200 0.014743
6300 0.014739
6400 0.014747
6500 0.014744
6600 0.014740
6700 0.014720
6800 0.014712
6900 0.014718
7000 0.014722
7100 0.014732
7200 0.014748
7300 0.014734
7400 0.014742
7500 0.014739
7600 0.014738
7700 0.014727
7800 0.014724
7900 0.014726
8000 0.014734
8100 0.014734
8200 0.014731
8300 0.014722
8400 0.014724
8500 0.014728
8600 0.014726
8700 0.014719
8800 0.014715
8900 0.014725
9000 0.014734
9100 0.014729
9200 0.014722
9300 0.014721
9400 0.014714
9500 0.014713
9600 0.014712
9700 0.014710
9800 0.014707
9900 0.014710
10000 0.014716
10100 0.014712
10200 0.014709
10300 0.014702
10400 0.014702
10500 0.014704
10600 0.014703
10700 0.014703
10800 0.014710
10900 0.014708
11000 0.014703
11100 0.014700
11200 0.014699
11300 0.014698
11400 0.014694
11500 0.014690
11600 0.014689
11700 0.014684
11800 0.014686
11900 0.014698
12000 0.014697
12100 0.014705
12200 0.014700
12300 0.014708
12400 0.014703
12500 0.014703
12600 0.014708
12700 0.014708
12800 0.014706
12900 0.014710
13000 0.014712
13100 0.014715
13200 0.014721
13300 0.014715
13400 0.014713
13500 0.014715
13600 0.014714
13700 0.014716
13800 0.014716
13900 0.014711
14000 0.014705
14100 0.014709
14200 0.014714
14300 0.014707
14400 0.014705
14500 0.014702
14600 0.014704
14700 0.014710
14800 0.014713
14900 0.014714
15000 0.014719
15100 0.014717
15200 0.014717
15300 0.014724
15400 0.014729
15500 0.014728
15600 0.014725
15700 0.014723
15800 0.014725
15900 0.014726
16000 0.014724
16100 0.014722
16200 0.014721
16300 0.014718
16400 0.014711
16500 0.014710
16600 0.014713
16700 0.014711
16800 0.014710
16900 0.014709
17000 0.014704
17100 0.014707
17200 0.014709
17300 0.014705
17400 0.014709
17500 0.014706
17600 0.014708
17700 0.014708
17800 0.014709
17900 0.014704
18000 0.014702
18100 0.014703
18200 0.014706
18300 0.014705
18400 0.014705
18500 0.014710
18600 0.014708
18700 0.014709
18800 0.014707
18900 0.014706
19000 0.014703
19100 0.014704
19200 0.014701
19300 0.014701
19400 0.014699
19500 0.014704
19600 0.014701
19700 0.014703
19800 0.014700
19900 0.014700
20000 0.014699
20100 0.014694
20200 0.014695
20300 0.014693
20400 0.014694
20500 0.014697
20600 0.014702
20700 0.014701
20800 0.014697
20900 0.014697
21000 0.014693
21100 0.014692
21200 0.014695
21300 0.014694
21400 0.014695
21500 0.014692
21600 0.014689
21700 0.014690
21800 0.014688
21900 0.014694
22000 0.014696
22100 0.014696
22200 0.014695
22300 0.014697
22400 0.014695
22500 0.014697
22600 0.014693
22700 0.014695
22800 0.014697
22900 0.014696
23000 0.014698
23100 0.014699
23200 0.014698
23300 0.014696
23400 0.014695
23500 0.014693
23600 0.014698
23700 0.014699
23800 0.014698
23900 0.014699
24000 0.014696
24100 0.014695
24200 0.014697
24300 0.014698
24400 0.014703
24500 0.014704
24600 0.014705
24700 0.014705
24800 0.014704
24900 0.014702
25000 0.014702
25100 0.014706
25200 0.014704
25300 0.014705
25400 0.014708
25500 0.014709
25600 0.014708
25700 0.014710
25800 0.014710
25900 0.014711
26000 0.014714
26100 0.014715
26200 0.014715
26300 0.014712
26400 0.014712
26500 0.014711
26600 0.014710
26700 0.014710
26800 0.014711
26900 0.014713
27000 0.014712
27100 0.014710
27200 0.014712
27300 0.014715
27400 0.014715
27500 0.014714
27600 0.014715
27700 0.014714
27800 0.014716
27900 0.014717
28000 0.014716
28100 0.014713
28200 0.014711
28300 0.014712
28400 0.014712
28500 0.014716
28600 0.014715
28700 0.014716
28800 0.014719
28900 0.014719
29000 0.014718
29100 0.014718
29200 0.014718
29300 0.014718
29400 0.014719
29500 0.014722
29600 0.014723
29700 0.014720
29800 0.014719
29900 0.014718
30000 0.014716
30100 0.014716
30200 0.014715
30300 0.014713
30400 0.014712
30500 0.014713
30600 0.014711
30700 0.014712
30800 0.014712
30900 0.014711
31000 0.014712
31100 0.014712
31200 0.014712
31300 0.014712
31400 0.014713
31500 0.014712
31600 0.014716
31700 0.014715
31800 0.014718
31900 0.014719
32000 0.014717
32100 0.014721
32200 0.014722
32300 0.014722
32400 0.014720
32500 0.014720
32600 0.014721
32700 0.014722
32800 0.014718
32900 0.014719
33000 0.014719
33100 0.014718
33200 0.014716
33300 0.014718
33400 0.014716
33500 0.014716
33600 0.014713
33700 0.014711
33800 0.014709
33900 0.014709
34000 0.014711
34100 0.014711
34200 0.014712
34300 0.014711
34400 0.014712
34500 0.014710
34600 0.014714
34700 0.014715
34800 0.014714
34900 0.014712
35000 0.014713
35100 0.014713
35200 0.014712
35300 0.014717
35400 0.014717
35500 0.014717
35600 0.014719
35700 0.014719
35800 0.014719
35900 0.014718
36000 0.014717
