100 0.596886
200 0.600990
300 0.602045
400 0.601835
500 0.603597
600 0.604697
700 0.604771
800 0.602517
900 0.601272
1000 0.600773
1100 0.600316
1200 0.600422
1300 0.601362
1400 0.601366
1500 0.600755
1600 0.599556
1700 0.599068
1800 0.598145
1900 0.598229
2000 0.597895
2100 0.598454
2200 0.598114
2300 0.598419
2400 0.598621
2500 0.599296
2600 0.599064
2700 0.599757
2800 0.599784
2900 0.599576
3000 0.599802
3100 0.599765
3200 0.599811
3300 0.599906
3400 0.599815
3500 0.599978
3600 0.600213
3700 0.600204
3800 0.600213
3900 0.600101
4000 0.600308
4100 0.600695
4200 0.600878
4300 0.600633
4400 0.600773
4500 0.600828
4600 0.600865
4700 0.600843
4800 0.600952
4900 0.600985
5000 0.601313
5100 0.601246
5200 0.601224
5300 0.601141
5400 0.601299
5500 0.601151
5600 0.600847
5700 0.600854
5800 0.600829
5900 0.600647
6000 0.600427
6100 0.600417
6200 0.600519
6300 0.600542
6400 0.600643
6500 0.600788
6600 0.600783
6700 0.600333
6800 0.600158
6900 0.600145
7000 0.600096
7100 0.599971
7200 0.600097
7300 0.599989
7400 0.599912
7500 0.599750
7600 0.599676
7700 0.599374
7800 0.599332
7900 0.599283
8000 0.599339
8100 0.599303
8200 0.599325
8300 0.599176
8400 0.599229
8500 0.599223
8600 0.599224
8700 0.599272
8800 0.599222
8900 0.599410
9000 0.599557
9100 0.599537
9200 0.599489
9300 0.599390
9400 0.599328
9500 0.599331
9600 0.599360
9700 0.599328
9800 0.599426
9900 0.599469
10000 0.599584
10100 0.599569
10200 0.599579
10300 0.599527
10400 0.599508
10500 0.599498
10600 0.599481
10700 0.599451
10800 0.599566
10900 0.599547
11000 0.599551
11100 0.599528
11200 0.599462
11300 0.599468
11400 0.599410
11500 0.599296
11600 0.599287
11700 0.599210
11800 0.599258
11900 0.599383
12000 0.599393
12100 0.599468
12200 0.599387
12300 0.599494
12400 0.599433
12500 0.599423
12600 0.599442
12700 0.599489
12800 0.599415
12900 0.599474
13000 0.599521
13100 0.599691
13200 0.599780
13300 0.599692
13400 0.599619
13500 0.599617
13600 0.599642
13700 0.599663
13800 0.599697
13900 0.599590
14000 0.599537
14100 0.599629
14200 0.599599
14300 0.599519
14400 0.599497
14500 0.599503
14600 0.599493
14700 0.599530
14800 0.599492
14900 0.599459
15000 0.599529
15100 0.599496
15200 0.599550
15300 0.599639
15400 0.599743
15500 0.599651
15600 0.599599
15700 0.599571
15800 0.599549
15900 0.599575
16000 0.599539
16100 0.599508
16200 0.599495
16300 0.599419
16400 0.599342
16500 0.599283
16600 0.599291
16700 0.599258
16800 0.599261
16900 0.599236
17000 0.599175
17100 0.599270
17200 0.599349
17300 0.599317
17400 0.599416
17500 0.599373
17600 0.599393
17700 0.599442
17800 0.599519
17900 0.599465
18000 0.599424
18100 0.599447
18200 0.599543
18300 0.599490
18400 0.599472
18500 0.599567
18600 0.599590
18700 0.599635
18800 0.599613
18900 0.599607
19000 0.599619
19100 0.599629
19200 0.599607
19300 0.599565
19400 0.599504
19500 0.599571
19600 0.599527
19700 0.599498
19800 0.599458
19900 0.599434
20000 0.599461
20100 0.599395
20200 0.599367
20300 0.599382
20400 0.599381
20500 0.599388
20600 0.599414
20700 0.599404
20800 0.599347
20900 0.599399
21000 0.599367
21100 0.599369
21200 0.599387
21300 0.599369
21400 0.599431
21500 0.599399
21600 0.599355
21700 0.599379
21800 0.599362
21900 0.599426
22000 0.599425
22100 0.599424
22200 0.599379
22300 0.599420
22400 0.599380
22500 0.599454
22600 0.599456
22700 0.599473
22800 0.599447
22900 0.599433
23000 0.599447
23100 0.599448
23200 0.599432
23300 0.599449
23400 0.599393
23500 0.599439
23600 0.599488
23700 0.599511
23800 0.599487
23900 0.599494
24000 0.599435
24100 0.599450
24200 0.599478
24300 0.599460
24400 0.599474
24500 0.599495
24600 0.599508
24700 0.599505
24800 0.599509
24900 0.599459
25000 0.599461
25100 0.599495
25200 0.599484
25300 0.599517
25400 0.599565
25500 0.599565
25600 0.599588
25700 0.599629
25800 0.599611
25900 0.599626
26000 0.599657
26100 0.599641
26200 0.599603
26300 0.599570
26400 0.599620
26500 0.599598
26600 0.599595
26700 0.599606
26800 0.599590
26900 0.599607
27000 0.599599
27100 0.599582
27200 0.599601
27300 0.599624
27400 0.599582
27500 0.599563
27600 0.599610
27700 0.599579
27800 0.599572
27900 0.599588
28000 0.599603
28100 0.599579
28200 0.599536
28300 0.599552
28400 0.599546
28500 0.599603
28600 0.599579
28700 0.599566
28800 0.599615
28900 0.599609
29000 0.599608
29100 0.599592
29200 0.599600
29300 0.599618
29400 0.599646
29500 0.599645
29600 0.599672
29700 0.599650
29800 0.599647
29900 0.599633
30000 0.599588
30100 0.599559
30200 0.599562
30300 0.599532
30400 0.599555
30500 0.599556
30600 0.599574
30700 0.599604
30800 0.599605
30900 0.599590
31000 0.599585
31100 0.599568
31200 0.599591
31300 0.599603
31400 0.599636
31500 0.599639
31600 0.599689
31700 0.599660
31800 0.599698
31900 0.599719
32000 0.599685
32100 0.599722
32200 0.599748
32300 0.599731
32400 0.599694
32500 0.599694
32600 0.599682
32700 0.599697
32800 0.599650
32900 0.599688
33000 0.599689
33100 0.599658
33200 0.599633
33300 0.599673
33400 0.599671
33500 0.599661
33600 0.599638
33700 0.599606
33800 0.599574
33900 0.599549
34000 0.599576
34100 0.599561
34200 0.599597
34300 0.599619
34400 0.599655
34500 0.599619
34600 0.599651
34700 0.599636
34800 0.599635
34900 0.599604
35000 0.599602
35100 0.599578
35200 0.599549
35300 0.599620
35400 0.599638
35500 0.599661
35600 0.599656
35700 0.599688
35800 0.599682
35900 0.599695
36000 0.599681
