100 3.851389
200 3.780087
300 3.479254
400 3.868267
500 4.062275
600 3.778639
700 3.721255
800 3.935318
900 3.747534
1000 3.641482
1100 3.705344
1200 3.687589
1300 3.653258
1400 3.570188
1500 3.558330
1600 3.469369
1700 3.598464
1800 3.633506
1900 3.620864
2000 3.707516
2100 3.807279
2200 3.801245
2300 3.770436
2400 3.769510
2500 3.714842
2600 3.740006
2700 3.696783
2800 3.692882
2900 3.659069
3000 3.626965
3100 3.620687
3200 3.608848
3300 3.592042
3400 3.605592
3500 3.579714
3600 3.538951
3700 3.570949
3800 3.541287
3900 3.593841
4000 3.576624
4100 3.544732
4200 3.527836
4300 3.532598
4400 3.504366
4500 3.520411
4600 3.508817
4700 3.574965
4800 3.566139
4900 3.551776
5000 3.521977
5100 3.503085
5200 3.531788
5300 3.520779
5400 3.508169
5500 3.500992
5600 3.509381
5700 3.509323
5800 3.532562
5900 3.535306
6000 3.512484
6100 3.520041
6200 3.518265
6300 3.551511
6400 3.555956
6500 3.539755
6600 3.540951
6700 3.520258
6800 3.514432
6900 3.513292
7000 3.509982
7100 3.538092
7200 3.536759
7300 3.567593
7400 3.554606
7500 3.572082
7600 3.595555
7700 3.578799
7800 3.579221
7900 3.614400
8000 3.668482
8100 3.691503
8200 3.677812
8300 3.677388
8400 3.669545
8500 3.669347
8600 3.669309
8700 3.665027
8800 3.667251
8900 3.658760
9000 3.663245
9100 3.652542
9200 3.661033
9300 3.657007
9400 3.642763
9500 3.634508
9600 3.669084
9700 3.690231
9800 3.698059
9900 3.704821
10000 3.713657
10100 3.728892
10200 3.721928
10300 3.716320
10400 3.721727
10500 3.726458
10600 3.731683
10700 3.741451
10800 3.736131
10900 3.729086
11000 3.724920
11100 3.714028
11200 3.707055
11300 3.748549
11400 3.759651
11500 3.748974
11600 3.750051
11700 3.764024
11800 3.752072
11900 3.755292
12000 3.747915
12100 3.735137
12200 3.730803
12300 3.720850
12400 3.714594
12500 3.725950
12600 3.717986
12700 3.740088
12800 3.744713
12900 3.732626
13000 3.741059
13100 3.739916
13200 3.738746
13300 3.737411
13400 3.730504
13500 3.726150
13600 3.748802
13700 3.743573
13800 3.738549
13900 3.741159
14000 3.741978
14100 3.740163
14200 3.741021
14300 3.737856
14400 3.736122
14500 3.768157
14600 3.766905
14700 3.766891
14800 3.766926
14900 3.758771
15000 3.757237
15100 3.749654
15200 3.778054
15300 3.777769
15400 3.778400
15500 3.777693
15600 3.776728
15700 3.768908
15800 3.767603
15900 3.762464
16000 3.782039
16100 3.798163
16200 3.798122
16300 3.790045
16400 3.777041
16500 3.771854
16600 3.764199
16700 3.763622
16800 3.769888
16900 3.769604
17000 3.776744
17100 3.775866
17200 3.778867
17300 3.773071
17400 3.781018
17500 3.780964
17600 3.780313
17700 3.776477
17800 3.771776
17900 3.775574
18000 3.767873
18100 3.774369
18200 3.765529
18300 3.765920
18400 3.763400
18500 3.772269
18600 3.770739
18700 3.767961
18800 3.763725
18900 3.774867
19000 3.768639
19100 3.769336
19200 3.770019
19300 3.766438
19400 3.759772
19500 3.768797
19600 3.774245
19700 3.776072
19800 3.769995
19900 3.777485
20000 3.786491
20100 3.783093
20200 3.788321
20300 3.791249
20400 3.786667
20500 3.791982
20600 3.794236
20700 3.804476
20800 3.804183
20900 3.818718
21000 3.862359
21100 3.862950
21200 3.863404
21300 3.869181
21400 3.864233
21500 3.862181
21600 3.869518
21700 3.862973
21800 3.868883
21900 3.869140
22000 3.865030
22100 3.864363
22200 3.866341
22300 3.866338
22400 3.867206
22500 3.860764
22600 3.864284
22700 3.860926
22800 3.859390
22900 3.854758
23000 3.864337
23100 3.859089
23200 3.857080
23300 3.856420
23400 3.858111
23500 3.860000
23600 3.853784
23700 3.848243
23800 3.857879
23900 3.855289
24000 3.848708
24100 3.842317
24200 3.835819
24300 3.844938
24400 3.840678
24500 3.843916
24600 3.845958
24700 3.842607
24800 3.846276
24900 3.841744
25000 3.851548
25100 3.851709
25200 3.848643
25300 3.856455
25400 3.850439
25500 3.853759
25600 3.849515
25700 3.851717
25800 3.852763
25900 3.849456
26000 3.848231
26100 3.848365
26200 3.851187
26300 3.853543
26400 3.854607
26500 3.856471
26600 3.860030
26700 3.857031
26800 3.857743
26900 3.861382
27000 3.859694
27100 3.868808
27200 3.873588
27300 3.869635
27400 3.870985
27500 3.870256
27600 3.871614
27700 3.867171
27800 3.867211
27900 3.861608
28000 3.858255
28100 3.861016
28200 3.860883
28300 3.888797
28400 3.884915
28500 3.884202
28600 3.887411
28700 3.896368
28800 3.896107
28900 3.894077
29000 3.892972
29100 3.889007
29200 3.888609
29300 3.885048
29400 3.895000
29500 3.899110
29600 3.896197
29700 3.892048
29800 3.903125
29900 3.898148
30000 3.908230
30100 3.905105
30200 3.911869
30300 3.913492
30400 3.911382
30500 3.920667
30600 3.913259
30700 3.911600
30800 3.906583
30900 3.905466
31000 3.910520
31100 3.912024
31200 3.914563
31300 3.910022
31400 3.905686
31500 3.906892
31600 3.910891
31700 3.907624
31800 3.906151
31900 3.912520
32000 3.907919
32100 3.902595
32200 3.898260
32300 3.897799
32400 3.894296
32500 3.897130
32600 3.895857
32700 3.904626
32800 3.902845
32900 3.897849
33000 3.895977
33100 3.897214
33200 3.894935
33300 3.892552
33400 3.892425
33500 3.897632
33600 3.898195
33700 3.897045
33800 3.902493
33900 3.904970
34000 3.906659
34100 3.908011
34200 3.909384
34300 3.907151
34400 3.912126
34500 3.916035
34600 3.918582
34700 3.914988
34800 3.921746
34900 3.920144
35000 3.918922
35100 3.924162
35200 3.924458
35300 3.920528
35400 3.923072
35500 3.922592
35600 3.919078
35700 3.919485
35800 3.960848
35900 3.957852
36000 3.954657
