100 0.00000000000014477308
200 0.00000000000020738966
300 0.00000000000045696780
400 0.00000000000089128704
500 0.00000000000097699626
600 0.00000000000154321000
700 0.00000000000222399876
800 0.00000000000328448380
900 0.00000000000379829501
1000 0.00000000000415001367
1100 0.00000000000502664577
1200 0.00000000000631183994
1300 0.00000000000059063865
1400 0.00000000000628519459
1500 0.00000000001078559464
1600 0.00000000000887956375
1700 0.00000000002087174877
1800 0.00000000002173194957
1900 0.00000000000696287472
2000 0.00000000001179190079
2100 0.00000000000271827005
2200 0.00000000001093169999
2300 0.00000000001602007416
2400 0.00000000002052047421
2500 0.00000000002660982545
2600 0.00000000002212141581
2700 0.00000000003079270172
2800 0.00000000002445244007
2900 0.00000000002906519470
3000 0.00000000003058353570
3100 0.00000000001307665087
3200 0.00000000000933964017
3300 0.00000000000003064216
3400 0.00000000001309885533
3500 0.00000000000792477195
3600 0.00000000000013544721
3700 0.00000000000561772850
3800 0.00000000000603606054
3900 0.00000000001211564182
4000 0.00000000000423350244
4100 0.00000000000390709687
4200 0.00000000005288214311
4300 0.00000000007511857802
4400 0.00000000007964295889
4500 0.00000000008899903037
4600 0.00000000008176259669
4700 0.00000000005643974177
4800 0.00000000004364997253
4900 0.00000000002835198742
5000 0.00000000002571320934
5100 0.00000000004650857477
5200 0.00000000006065503655
5300 0.00000000006466338576
5400 0.00000000007623057741
5500 0.00000000007740963426
5600 0.00000000006139488917
5700 0.00000000008034550802
5800 0.00000000009218359409
5900 0.00000000008674794216
6000 0.00000000006341460690
6100 0.00000000008137535090
6200 0.00000000008797051976
6300 0.00000000008486100711
6400 0.00000000012072831623
6500 0.00000000011430945079
6600 0.00000000016177104101
6700 0.00000000016675372194
6800 0.00000000017741141889
6900 0.00000000017536594399
7000 0.00000000020719026494
7100 0.00000000022883472894
7200 0.00000000020734391981
7300 0.00000000022677593137
7400 0.00000000030471314361
7500 0.00000000025492763456
7600 0.00000000024513857610
7700 0.00000000028997515500
7800 0.00000000030985702892
7900 0.00000000028463054136
8000 0.00000000033578295699
8100 0.00000000033907721075
8200 0.00000000037396352681
8300 0.00000000033565150659
8400 0.00000000034158809115
8500 0.00000000028044144784
8600 0.00000000018420376335
8700 0.00000000009191314376
8800 0.00000000010009326701
8900 0.00000000009183542815
9000 0.00000000011709788694
9100 0.00000000010441647547
9200 0.00000000009723066796
9300 0.00000000015699086475
9400 0.00000000014190471020
9500 0.00000000015153611699
9600 0.00000000016363488342
9700 0.00000000018987389439
9800 0.00000000016807932823
9900 0.00000000020743540219
10000 0.00000000022558399593
10100 0.00000000020700685610
10200 0.00000000019786527972
10300 0.00000000022911317288
10400 0.00000000023004309568
10500 0.00000000024724844394
10600 0.00000000034264635573
10700 0.00000000034720626374
10800 0.00000000031170888093
10900 0.00000000026535706965
11000 0.00000000026855673241
11100 0.00000000030307445442
11200 0.00000000034697311690
11300 0.00000000027498270327
11400 0.00000000033911540243
11500 0.00000000036017366867
11600 0.00000000043338177491
11700 0.00000000049134651903
11800 0.00000000050789505934
11900 0.00000000047910875267
12000 0.00000000047781822943
12100 0.00000000045156500761
12200 0.00000000049049653228
12300 0.00000000047424508764
12400 0.00000000044711923053
12500 0.00000000042549475054
12600 0.00000000037087888316
12700 0.00000000039922154471
12800 0.00000000037001424147
12900 0.00000000038176084516
13000 0.00000000038865843877
13100 0.00000000033200420191
13200 0.00000000034871439070
13300 0.00000000036127056902
13400 0.00000000027945912251
13500 0.00000000025253976688
13600 0.00000000029609781294
13700 0.00000000032122038363
13800 0.00000000027684032844
13900 0.00000000028450886091
14000 0.00000000026477486870
14100 0.00000000027404745140
14200 0.00000000033192026905
14300 0.00000000027609070585
14400 0.00000000026816593390
14500 0.00000000023413004868
14600 0.00000000025512481017
14700 0.00000000027189361873
14800 0.00000000033141578371
14900 0.00000000023062884935
15000 0.00000000001083666490
15100 0.00000000000414157597
15200 0.00000000007860556650
15300 0.00000000008894796011
15400 0.00000000002456523873
15500 0.00000000000823296986
15600 0.00000000009463363426
15700 0.00000000004622213723
15800 0.00000000000910649334
15900 0.00000000008219513958
16000 0.00000000011047873727
16100 0.00000000017488410720
16200 0.00000000020376456078
16300 0.00000000026387780849
16400 0.00000000024906521290
16500 0.00000000028286706311
16600 0.00000000020976287374
16700 0.00000000030927926886
16800 0.00000000035664537990
16900 0.00000000037246339346
17000 0.00000000044727332948
17100 0.00000000032590019572
17200 0.00000000032629765556
17300 0.00000000035676483989
17400 0.00000000031925218025
17500 0.00000000027168400862
17600 0.00000000019530599360
17700 0.00000000019725820977
17800 0.00000000024573187929
17900 0.00000000028615598779
18000 0.00000000032866243060
18100 0.00000000033645619624
18200 0.00000000038176040107
18300 0.00000000045795056636
18400 0.00000000035149927413
18500 0.00000000029400393231
18600 0.00000000030257885086
18700 0.00000000033419267353
18800 0.00000000038050185225
18900 0.00000000034912917002
19000 0.00000000044352654882
19100 0.00000000031173419401
19200 0.00000000029387203782
19300 0.00000000028858204715
19400 0.00000000028641755634
19500 0.00000000033393288135
19600 0.00000000032923885840
19700 0.00000000022372415032
19800 0.00000000024390933717
19900 0.00000000032321034737
20000 0.00000000031299407510
20100 0.00000000035824188060
20200 0.00000000038016212400
20300 0.00000000042359138419
20400 0.00000000042537706690
20500 0.00000000039426284459
20600 0.00000000037914471562
20700 0.00000000042459236127
20800 0.00000000041142067531
20900 0.00000000050017012754
21000 0.00000000039317882283
21100 0.00000000035361846784
21200 0.00000000035738434434
21300 0.00000000034384051162
21400 0.00000000035987390845
21500 0.00000000028569235866
21600 0.00000000020431389913
21700 0.00000000027949020875
21800 0.00000000012525092075
21900 0.00000000007290079651
22000 0.00000000010860201627
22100 0.00000000031193492234
22200 0.00000000044097880902
22300 0.00000000057883298155
22400 0.00000000065581451381
22500 0.00000000079396045294
22600 0.00000000103346131652
22700 0.00000000107272946082
22800 0.00000000101915631490
22900 0.00000000094877750101
23000 0.00000000087904927781
23100 0.00000000077829387379
23200 0.00000000068223782179
23300 0.00000000078953732441
23400 0.00000000084503204434
23500 0.00000000070221606308
23600 0.00000000064913052711
23700 0.00000000047724491026
23800 0.00000000037366509886
23900 0.00000000024746160676
24000 0.00000000020632029418
24100 0.00000000021081003609
24200 0.00000000030436586584
24300 0.00000000022976553993
24400 0.00000000031588065497
24500 0.00000000039491565573
24600 0.00000000036264635739
24700 0.00000000025686874849
24800 0.00000000018089751919
24900 0.00000000014125456360
25000 0.00000000015675905018
25100 0.00000000019400303586
25200 0.00000000020109203192
25300 0.00000000025819613114
25400 0.00000000017068568781
25500 0.00000000013573364654
25600 0.00000000002436983948
25700 0.00000000000978284120
25800 0.00000000014463674702
25900 0.00000000026578828027
26000 0.00000000017166357225
26100 0.00000000020913804022
26200 0.00000000029388314005
26300 0.00000000033381208908
26400 0.00000000029353142139
26500 0.00000000028579894007
26600 0.00000000020725909877
26700 0.00000000022240609354
26800 0.00000000006744915737
26900 0.00000000010671996620
27000 0.00000000018175638772
27100 0.00000000017295143095
27200 0.00000000020905233100
27300 0.00000000018054580053
27400 0.00000000006574074618
27500 0.00000000002586952874
27600 0.00000000004834799228
27700 0.00000000002799005472
27800 0.00000000010505418757
27900 0.00000000000565902880
28000 0.00000000000544053691
28100 0.00000000007495870591
28200 0.00000000001184252696
28300 0.00000000002771560759
28400 0.00000000001120836757
28500 0.00000000009178124927
28600 0.00000000000062527761
28700 0.00000000006222977689
28800 0.00000000009869838280
28900 0.00000000012403278404
29000 0.00000000014965628736
29100 0.00000000020943557999
29200 0.00000000023487123357
29300 0.00000000026573765410
29400 0.00000000002981748182
29500 0.00000000012325696019
29600 0.00000000014285106431
29700 0.00000000005373035350
29800 0.00000000005315481388
29900 0.00000000003709121899
30000 0.00000000009038281235
30100 0.00000000028961810727
30200 0.00000000046629899941
30300 0.00000000061681726393
30400 0.00000000062888050323
30500 0.00000000060018789938
30600 0.00000000054609117228
30700 0.00000000083567330833
30800 0.00000000083158857578
30900 0.00000000084623108521
31000 0.00000000082985884831
31100 0.00000000062829119685
31200 0.00000000084723117411
31300 0.00000000082488149644
31400 0.00000000075469230865
31500 0.00000000056917137670
31600 0.00000000066127681109
31700 0.00000000076022166340
31800 0.00000000057126170461
31900 0.00000000055596061088
32000 0.00000000043820591600
32100 0.00000000032501068503
32200 0.00000000047995651897
32300 0.00000000035271741083
32400 0.00000000048595172331
32500 0.00000000056615867550
32600 0.00000000034718361519
32700 0.00000000024982371727
32800 0.00000000042724357385
32900 0.00000000034613556466
33000 0.00000000039818370823
33100 0.00000000033974245639
33200 0.00000000012020695550
33300 0.00000000009631939690
33400 0.00000000006285993948
33500 0.00000000034225600132
33600 0.00000000048556847432
33700 0.00000000043313530540
33800 0.00000000050202908497
33900 0.00000000028995206236
34000 0.00000000025225999067
34100 0.00000000032293812069
34200 0.00000000044178083414
34300 0.00000000042964964919
34400 0.00000000054597260046
34500 0.00000000059523808105
34600 0.00000000072093753190
34700 0.00000000055120308318
34800 0.00000000060162541615
34900 0.00000000068981043100
35000 0.00000000072018790931
35100 0.00000000064125726951
35200 0.00000000060926597101
35300 0.00000000072037353860
35400 0.00000000062160498970
35500 0.00000000073105121956
35600 0.00000000076015282957
35700 0.00000000091441654249
35800 0.00000000089199314601
35900 0.00000000090199359093
36000 0.00000000112185061241
