100 0.756658
200 0.747053
300 0.682207
400 0.766753
500 0.805687
600 0.753718
700 0.747669
800 0.788641
900 0.753862
1000 0.734170
1100 0.746088
1200 0.744216
1300 0.735062
1400 0.718968
1500 0.719339
1600 0.702390
1700 0.728781
1800 0.735032
1900 0.732188
2000 0.745529
2100 0.762109
2200 0.763860
2300 0.757645
2400 0.757056
2500 0.748417
2600 0.751470
2700 0.744263
2800 0.742928
2900 0.736640
3000 0.731096
3100 0.729266
3200 0.727866
3300 0.724158
3400 0.726202
3500 0.720762
3600 0.713538
3700 0.719479
3800 0.714727
3900 0.723779
4000 0.720005
4100 0.714629
4200 0.711018
4300 0.711483
4400 0.706622
4500 0.708935
4600 0.706710
4700 0.718940
4800 0.717353
4900 0.714438
5000 0.710047
5100 0.706351
5200 0.711502
5300 0.709430
5400 0.707239
5500 0.705328
5600 0.707027
5700 0.706650
5800 0.710506
5900 0.710869
6000 0.706216
6100 0.707394
6200 0.706960
6300 0.713291
6400 0.714047
6500 0.711102
6600 0.712074
6700 0.708110
6800 0.707192
6900 0.706632
7000 0.705848
7100 0.711507
7200 0.711065
7300 0.716917
7400 0.714960
7500 0.718266
7600 0.722839
7700 0.720043
7800 0.719961
7900 0.726522
8000 0.736680
8100 0.741155
8200 0.738390
8300 0.738306
8400 0.736856
8500 0.736834
8600 0.736912
8700 0.736000
8800 0.736077
8900 0.734111
9000 0.734870
9100 0.732634
9200 0.734394
9300 0.733737
9400 0.731244
9500 0.729960
9600 0.736748
9700 0.741240
9800 0.742536
9900 0.743774
10000 0.745699
10100 0.748283
10200 0.746596
10300 0.745377
10400 0.746125
10500 0.746857
10600 0.747917
10700 0.749790
10800 0.748932
10900 0.747600
11000 0.747157
11100 0.745263
11200 0.743882
11300 0.752079
11400 0.754206
11500 0.752372
11600 0.752853
11700 0.755245
11800 0.752749
11900 0.753350
12000 0.751713
12100 0.749555
12200 0.748590
12300 0.746610
12400 0.745371
12500 0.747642
12600 0.746239
12700 0.750298
12800 0.751373
12900 0.749173
13000 0.750764
13100 0.750515
13200 0.749931
13300 0.749567
13400 0.747831
13500 0.747001
13600 0.751219
13700 0.750226
13800 0.749208
13900 0.749872
14000 0.750067
14100 0.749692
14200 0.749778
14300 0.749300
14400 0.748795
14500 0.754964
14600 0.754777
14700 0.754888
14800 0.754987
14900 0.753910
15000 0.753850
15100 0.752432
15200 0.757664
15300 0.757564
15400 0.757766
15500 0.757660
15600 0.757696
15700 0.756074
15800 0.756076
15900 0.755038
16000 0.758760
16100 0.761942
16200 0.761684
16300 0.760351
16400 0.758219
16500 0.757410
16600 0.755763
16700 0.755357
16800 0.756201
16900 0.756302
17000 0.757720
17100 0.757485
17200 0.757844
17300 0.756933
17400 0.758418
17500 0.758551
17600 0.758303
17700 0.757615
17800 0.757018
17900 0.757986
18000 0.756812
18100 0.758259
18200 0.756915
18300 0.756848
18400 0.756314
18500 0.757895
18600 0.757676
18700 0.757074
18800 0.756026
18900 0.758086
19000 0.757075
19100 0.757030
19200 0.757167
19300 0.756636
19400 0.755483
19500 0.757044
19600 0.758145
19700 0.758611
19800 0.757796
19900 0.759144
20000 0.760576
20100 0.759999
20200 0.760760
20300 0.761325
20400 0.760667
20500 0.761800
20600 0.762289
20700 0.764151
20800 0.764062
20900 0.766619
21000 0.775063
21100 0.775110
21200 0.775409
21300 0.776644
21400 0.775645
21500 0.775148
21600 0.776470
21700 0.775281
21800 0.776205
21900 0.776267
22000 0.775353
22100 0.775174
22200 0.775469
22300 0.775444
22400 0.775734
22500 0.774714
22600 0.775437
22700 0.774717
22800 0.774521
22900 0.773675
23000 0.775524
23100 0.774453
23200 0.773965
23300 0.773868
23400 0.774143
23500 0.774306
23600 0.773181
23700 0.772269
23800 0.773917
23900 0.773472
24000 0.772180
24100 0.771042
24200 0.770040
24300 0.771693
24400 0.770941
24500 0.771415
24600 0.771638
24700 0.770956
24800 0.771489
24900 0.770751
25000 0.772838
25100 0.772675
25200 0.772112
25300 0.773554
25400 0.772429
25500 0.773080
25600 0.772347
25700 0.772827
25800 0.772955
25900 0.772169
26000 0.771783
26100 0.771589
26200 0.772165
26300 0.772777
26400 0.772824
26500 0.773243
26600 0.773845
26700 0.773399
26800 0.773309
26900 0.773905
27000 0.773589
27100 0.775547
27200 0.776413
27300 0.775660
27400 0.775851
27500 0.775602
27600 0.775931
27700 0.775096
27800 0.775082
27900 0.774181
28000 0.773519
28100 0.774098
28200 0.774071
28300 0.779544
28400 0.778732
28500 0.778556
28600 0.779160
28700 0.780852
28800 0.780756
28900 0.780495
29000 0.780273
29100 0.779510
29200 0.779328
29300 0.778870
29400 0.780699
29500 0.781698
29600 0.781277
29700 0.780496
29800 0.782674
29900 0.781774
30000 0.783568
30100 0.782711
30200 0.783931
30300 0.784168
30400 0.783720
30500 0.785591
30600 0.784246
30700 0.783801
30800 0.782892
30900 0.782674
31000 0.783600
31100 0.783862
31200 0.784154
31300 0.783321
31400 0.782523
31500 0.782745
31600 0.783512
31700 0.783136
31800 0.782939
31900 0.784215
32000 0.783395
32100 0.782449
32200 0.781540
32300 0.781490
32400 0.780985
32500 0.781475
32600 0.781180
32700 0.782922
32800 0.782726
32900 0.781780
33000 0.781426
33100 0.781596
33200 0.781227
33300 0.780789
33400 0.780823
33500 0.781823
33600 0.782022
33700 0.781747
33800 0.782754
33900 0.783078
34000 0.783470
34100 0.783777
34200 0.783848
34300 0.783394
34400 0.784258
34500 0.784973
34600 0.785460
34700 0.784816
34800 0.786157
34900 0.785821
35000 0.785629
35100 0.786688
35200 0.786559
35300 0.785820
35400 0.786311
35500 0.786290
35600 0.785665
35700 0.785688
35800 0.793806
35900 0.793493
36000 0.792746
