100 0.808602
200 0.824036
300 0.822865
400 0.812203
500 0.806346
600 0.789165
700 0.786646
800 0.792127
900 0.786960
1000 0.782024
1100 0.785498
1200 0.783271
1300 0.781632
1400 0.778690
1500 0.779313
1600 0.774927
1700 0.777792
1800 0.780307
1900 0.780581
2000 0.782218
2100 0.786557
2200 0.785541
2300 0.785920
2400 0.785670
2500 0.783966
2600 0.787412
2700 0.786407
2800 0.785818
2900 0.785286
3000 0.783648
3100 0.784162
3200 0.783569
3300 0.783458
3400 0.784499
3500 0.782843
3600 0.780870
3700 0.782937
3800 0.782081
3900 0.785247
4000 0.785320
4100 0.784286
4200 0.784569
4300 0.784916
4400 0.783514
4500 0.784450
4600 0.783705
4700 0.784971
4800 0.784485
4900 0.783611
5000 0.781521
5100 0.780573
5200 0.781728
5300 0.781274
5400 0.781369
5500 0.781875
5600 0.782545
5700 0.782915
5800 0.783641
5900 0.783992
6000 0.783124
6100 0.784180
6200 0.784590
6300 0.786344
6400 0.786739
6500 0.786300
6600 0.786308
6700 0.785805
6800 0.786017
6900 0.786408
7000 0.786325
7100 0.786580
7200 0.786972
7300 0.787933
7400 0.786729
7500 0.787277
7600 0.788197
7700 0.787309
7800 0.788208
7900 0.788881
8000 0.789871
8100 0.790674
8200 0.790010
8300 0.790027
8400 0.789413
8500 0.789484
8600 0.790037
8700 0.790537
8800 0.790785
8900 0.790705
9000 0.791436
9100 0.791140
9200 0.791317
9300 0.791377
9400 0.790573
9500 0.790164
9600 0.790786
9700 0.790966
9800 0.791223
9900 0.791847
10000 0.792327
10100 0.792603
10200 0.792716
10300 0.792670
10400 0.792899
10500 0.793449
10600 0.794176
10700 0.794321
10800 0.793804
10900 0.793766
11000 0.793685
11100 0.793338
11200 0.793192
11300 0.793638
11400 0.794119
11500 0.793837
11600 0.793912
11700 0.794437
11800 0.793772
11900 0.793766
12000 0.793584
12100 0.793235
12200 0.793331
12300 0.793244
12400 0.793548
12500 0.793906
12600 0.793788
12700 0.794666
12800 0.794654
12900 0.794000
13000 0.794110
13100 0.794283
13200 0.794630
13300 0.794691
13400 0.794790
13500 0.794063
13600 0.794584
13700 0.794628
13800 0.794350
13900 0.794894
14000 0.794753
14100 0.794717
14200 0.794657
14300 0.794932
14400 0.795175
14500 0.795963
14600 0.796008
14700 0.796157
14800 0.796222
14900 0.795801
15000 0.795751
15100 0.795622
15200 0.796342
15300 0.796422
15400 0.796450
15500 0.796250
15600 0.796351
15700 0.796233
15800 0.795641
15900 0.795281
16000 0.795771
16100 0.796186
16200 0.796186
16300 0.795760
16400 0.794866
16500 0.794729
16600 0.794375
16700 0.794315
16800 0.794845
16900 0.795021
17000 0.795486
17100 0.795456
17200 0.795425
17300 0.795274
17400 0.795497
17500 0.795564
17600 0.795496
17700 0.795113
17800 0.794871
17900 0.795091
18000 0.794854
18100 0.795069
18200 0.794260
18300 0.794418
18400 0.794296
18500 0.794441
18600 0.794729
18700 0.794805
18800 0.794825
18900 0.795131
19000 0.794745
19100 0.794841
19200 0.794968
19300 0.794823
19400 0.794550
19500 0.794808
19600 0.794950
19700 0.794832
19800 0.794464
19900 0.794780
20000 0.795177
20100 0.795081
20200 0.795493
20300 0.795667
20400 0.795439
20500 0.795725
20600 0.795843
20700 0.796160
20800 0.796334
20900 0.796542
21000 0.796944
21100 0.797015
21200 0.797000
21300 0.797171
21400 0.797035
21500 0.797081
21600 0.797316
21700 0.797083
21800 0.797161
21900 0.797361
22000 0.797347
22100 0.797388
22200 0.797458
22300 0.797472
22400 0.797547
22500 0.797124
22600 0.797190
22700 0.797210
22800 0.797313
22900 0.797168
23000 0.797458
23100 0.797349
23200 0.797328
23300 0.797276
23400 0.797394
23500 0.797555
23600 0.797242
23700 0.797071
23800 0.797342
23900 0.797343
24000 0.797063
24100 0.796774
24200 0.796471
24300 0.796576
24400 0.796395
24500 0.796581
24600 0.796838
24700 0.796917
24800 0.796982
24900 0.796819
25000 0.796895
25100 0.797100
25200 0.796896
25300 0.796998
25400 0.796911
25500 0.796970
25600 0.796740
25700 0.796895
25800 0.796801
25900 0.796778
26000 0.796888
26100 0.797024
26200 0.797112
26300 0.797330
26400 0.797197
26500 0.797039
26600 0.797190
26700 0.796990
26800 0.797142
26900 0.797253
27000 0.797166
27100 0.797274
27200 0.797471
27300 0.797397
27400 0.797501
27500 0.797595
27600 0.797558
27700 0.797365
27800 0.797511
27900 0.797172
28000 0.797147
28100 0.797354
28200 0.797372
28300 0.797824
28400 0.797744
28500 0.797656
28600 0.797614
28700 0.797845
28800 0.797920
28900 0.797845
29000 0.797689
29100 0.797475
29200 0.797640
29300 0.797498
29400 0.797621
29500 0.797546
29600 0.797387
29700 0.797138
29800 0.797267
29900 0.796934
30000 0.797317
30100 0.797368
30200 0.797570
30300 0.797779
30400 0.797693
30500 0.797924
30600 0.797586
30700 0.797669
30800 0.797462
30900 0.797562
31000 0.797745
31100 0.797800
31200 0.797908
31300 0.797760
31400 0.797606
31500 0.797870
31600 0.797918
31700 0.797775
31800 0.797700
31900 0.797965
32000 0.797871
32100 0.797710
32200 0.797619
32300 0.797626
32400 0.797379
32500 0.797520
32600 0.797554
32700 0.797807
32800 0.797809
32900 0.797763
33000 0.797752
33100 0.797945
33200 0.797910
33300 0.797913
33400 0.797905
33500 0.798110
33600 0.798213
33700 0.798226
33800 0.798447
33900 0.798598
34000 0.798486
34100 0.798433
34200 0.798601
34300 0.798463
34400 0.798625
34500 0.798874
34600 0.798967
34700 0.798984
34800 0.799034
34900 0.799031
35000 0.798947
35100 0.798987
35200 0.799145
35300 0.798906
35400 0.798940
35500 0.798885
35600 0.798786
35700 0.798900
35800 0.799334
35900 0.799190
36000 0.799039
