100 3.711679
200 3.744605
300 4.056383
400 3.926368
500 3.956536
600 3.881049
700 3.871551
800 3.851203
900 3.860147
1000 3.819414
1100 3.847930
1200 3.834375
1300 3.872534
1400 3.861927
1500 3.824564
1600 3.813368
1700 3.827927
1800 3.853051
1900 3.855471
2000 3.857240
2100 3.846049
2200 3.852432
2300 3.876595
2400 3.888624
2500 3.901954
2600 3.883190
2700 3.890520
2800 3.880925
2900 3.888064
3000 3.891376
3100 3.893916
3200 3.883377
3300 3.889278
3400 3.881012
3500 3.884692
3600 3.889555
3700 3.883426
3800 3.880865
3900 3.871890
4000 3.886442
4100 3.891844
4200 3.900404
4300 3.909874
4400 3.922307
4500 3.919998
4600 3.917553
4700 3.916224
4800 3.919519
4900 3.908041
5000 3.922947
5100 3.916382
5200 3.917198
5300 3.918630
5400 3.929804
5500 3.947748
5600 3.934992
5700 3.934796
5800 3.927862
5900 3.922551
6000 3.923216
6100 3.916260
6200 3.916041
6300 3.923280
6400 3.927435
6500 3.935094
6600 3.933976
6700 3.923083
6800 3.920553
6900 3.923996
7000 3.923755
7100 3.919794
7200 3.926369
7300 3.922496
7400 3.920678
7500 3.921633
7600 3.913882
7700 3.904021
7800 3.905742
7900 3.902669
8000 3.905206
8100 3.903714
8200 3.899335
8300 3.894735
8400 3.897622
8500 3.895864
8600 3.895768
8700 3.897647
8800 3.895869
8900 3.905313
9000 3.909998
9100 3.900118
9200 3.896203
9300 3.891887
9400 3.891317
9500 3.890323
9600 3.890429
9700 3.893724
9800 3.892337
9900 3.892093
10000 3.894224
10100 3.896052
10200 3.893009
10300 3.888303
10400 3.890068
10500 3.887564
10600 3.883745
10700 3.887747
10800 3.886489
10900 3.889296
11000 3.888024
11100 3.883037
11200 3.880927
11300 3.879274
11400 3.876731
11500 3.877640
11600 3.880339
11700 3.880927
11800 3.877856
11900 3.884113
12000 3.882202
12100 3.885931
12200 3.882748
12300 3.887363
12400 3.886236
12500 3.886671
12600 3.886328
12700 3.884501
12800 3.885338
12900 3.884857
13000 3.884191
13100 3.888187
13200 3.892201
13300 3.887901
13400 3.889404
13500 3.890986
13600 3.889425
13700 3.888199
13800 3.892420
13900 3.893396
14000 3.890969
14100 3.891028
14200 3.887807
14300 3.884141
14400 3.882931
14500 3.887326
14600 3.885187
14700 3.884690
14800 3.886200
14900 3.884070
15000 3.884720
15100 3.885921
15200 3.889651
15300 3.891531
15400 3.895352
15500 3.895965
15600 3.894532
15700 3.892440
15800 3.890228
15900 3.891388
16000 3.890261
16100 3.888376
16200 3.889987
16300 3.887814
16400 3.885983
16500 3.883444
16600 3.886980
16700 3.885463
16800 3.886525
16900 3.890812
17000 3.890615
17100 3.891977
17200 3.890595
17300 3.888573
17400 3.889752
17500 3.888389
17600 3.886245
17700 3.885626
17800 3.884733
17900 3.883524
18000 3.884598
18100 3.884114
18200 3.885806
18300 3.881869
18400 3.879952
18500 3.880380
18600 3.878386
18700 3.879877
18800 3.880764
18900 3.879960
19000 3.882455
19100 3.883253
19200 3.884022
19300 3.883923
19400 3.882443
19500 3.885063
19600 3.882796
19700 3.882328
19800 3.879879
19900 3.877615
20000 3.877488
20100 3.875671
20200 3.875173
20300 3.877573
20400 3.877521
20500 3.876823
20600 3.877910
20700 3.878207
20800 3.876723
20900 3.876171
21000 3.877471
21100 3.878121
21200 3.879461
21300 3.880000
21400 3.880330
21500 3.877812
21600 3.876680
21700 3.878039
21800 3.879577
21900 3.885313
22000 3.884085
22100 3.887091
22200 3.886163
22300 3.885621
22400 3.884036
22500 3.885919
22600 3.883707
22700 3.883788
22800 3.882804
22900 3.883060
23000 3.884557
23100 3.885308
23200 3.889642
23300 3.889818
23400 3.889890
23500 3.892871
23600 3.895055
23700 3.892127
23800 3.892841
23900 3.893102
24000 3.892291
24100 3.892114
24200 3.894096
24300 3.893308
24400 3.896166
24500 3.898458
24600 3.900440
24700 3.901554
24800 3.899841
24900 3.899536
25000 3.901879
25100 3.901979
25200 3.902747
25300 3.903963
25400 3.904791
25500 3.903858
25600 3.903571
25700 3.903701
25800 3.903453
25900 3.904515
26000 3.905869
26100 3.905313
26200 3.904189
26300 3.902251
26400 3.902404
26500 3.904352
26600 3.906031
26700 3.905278
26800 3.903862
26900 3.904480
27000 3.904398
27100 3.902967
27200 3.902777
27300 3.904602
27400 3.903452
27500 3.902469
27600 3.902841
27700 3.901798
27800 3.901594
27900 3.902900
28000 3.902315
28100 3.901747
28200 3.900677
28300 3.901453
28400 3.902066
28500 3.908931
28600 3.907927
28700 3.907092
28800 3.907021
28900 3.906378
29000 3.906546
29100 3.904728
29200 3.905684
29300 3.906568
29400 3.906044
29500 3.904563
29600 3.903472
29700 3.902331
29800 3.902094
29900 3.902736
30000 3.902523
30100 3.902612
30200 3.901987
30300 3.902108
30400 3.901296
30500 3.900701
30600 3.900397
30700 3.901913
30800 3.900790
30900 3.899791
31000 3.901769
31100 3.903377
31200 3.904129
31300 3.905890
31400 3.904956
31500 3.902967
31600 3.903558
31700 3.902447
31800 3.902814
31900 3.904194
32000 3.902801
32100 3.905907
32200 3.905607
32300 3.904952
32400 3.904611
32500 3.903834
32600 3.902521
32700 3.902278
32800 3.901880
32900 3.902272
33000 3.902064
33100 3.903906
33200 3.903393
33300 3.904831
33400 3.903389
33500 3.903791
33600 3.903336
33700 3.902533
33800 3.901858
33900 3.902164
34000 3.901901
34100 3.900709
34200 3.903018
34300 3.902334
34400 3.902251
34500 3.901598
34600 3.901593
34700 3.901259
34800 3.900819
34900 3.900791
35000 3.899308
35100 3.899763
35200 3.899013
35300 3.900830
35400 3.900717
35500 3.900718
35600 3.900412
35700 3.899707
35800 3.899051
35900 3.898334
36000 3.898044
