100 0.00000000002591171722
200 0.00000000000601252381
300 0.00000000005427214234
400 0.00000000003254463365
500 0.00000000000352384788
600 0.00000000001773825531
700 0.00000000021565016439
800 0.00000000012262990623
900 0.00000000037555869525
1000 0.00000000030315172594
1100 0.00000000046879566895
1200 0.00000000043295012020
1300 0.00000000042475445383
1400 0.00000000016430856675
1500 0.00000000029072255714
1600 0.00000000063558447394
1700 0.00000000113736620122
1800 0.00000000075314643411
1900 0.00000000100275787673
2000 0.00000000177246439748
2100 0.00000000132222233162
2200 0.00000000076623551948
2300 0.00000000105024167141
2400 0.00000000036190339614
2500 0.00000000075572259561
2600 0.00000000124510268762
2700 0.00000000190670323974
2800 0.00000000186971060856
2900 0.00000000022796031729
3000 0.00000000088683593802
3100 0.00000000047728399011
3200 0.00000000003517675040
3300 0.00000000180109482883
3400 0.00000000267049182767
3500 0.00000000146896139697
3600 0.00000000061566662879
3700 0.00000000075326234139
3800 0.00000000080235107447
3900 0.00000000055829874057
4000 0.00000000015901990835
4100 0.00000000011982459469
4200 0.00000000054629945012
4300 0.00000000032468872035
4400 0.00000000101660369012
4500 0.00000000231455032917
4600 0.00000000098796393289
4700 0.00000000323428173132
4800 0.00000000176210379621
4900 0.00000000569375524506
5000 0.00000000477493333761
5100 0.00000000654129683753
5200 0.00000000615552586680
5300 0.00000000628618535004
5400 0.00000000834720559340
5500 0.00000000777931052909
5600 0.00000000600915806004
5700 0.00000000654191989469
5800 0.00000000776069342123
5900 0.00000000786592879720
6000 0.00000001140405858635
6100 0.00000001004910910041
6200 0.00000001123562753946
6300 0.00000001216577860674
6400 0.00000001263179560951
6500 0.00000001193863496951
6600 0.00000001478387945397
6700 0.00000001700200957799
6800 0.00000002036014734585
6900 0.00000002221639761046
7000 0.00000001816355776896
7100 0.00000001744081989941
7200 0.00000001638699087536
7300 0.00000001784125247539
7400 0.00000001833430873788
7500 0.00000001423005180357
7600 0.00000001538256100275
7700 0.00000001283458228585
7800 0.00000001306567476433
7900 0.00000001092876056319
8000 0.00000000956532675289
8100 0.00000000965912017037
8200 0.00000000694458934802
8300 0.00000000695744928336
8400 0.00000000561436097612
8500 0.00000000368204000623
8600 0.00000000644992148580
8700 0.00000000520661425085
8800 0.00000000683595580142
8900 0.00000000543504796724
9000 0.00000000754293338900
9100 0.00000000567947600061
9200 0.00000000761747687150
9300 0.00000000634333652272
9400 0.00000000303725267159
9500 0.00000000359781138215
9600 0.00000000303164426896
9700 0.00000000016070123010
9800 0.00000000241221131958
9900 0.00000000127836807806
10000 0.00000000044653569731
10100 0.00000000261891441866
10200 0.00000000056895332889
10300 0.00000000145524037265
10400 0.00000000038412739656
10500 0.00000000293419999409
10600 0.00000000512961539911
10700 0.00000000937280830726
10800 0.00000000210940021006
10900 0.00000000659911369993
11000 0.00000000867450600239
11100 0.00000000651124354434
11200 0.00000000721873538723
11300 0.00000000293835888954
11400 0.00000000566186297846
11500 0.00000000294577739979
11600 0.00000001157501916538
11700 0.00000001049252595919
11800 0.00000001021721773853
11900 0.00000000767804220203
12000 0.00000000246861953102
12100 0.00000000285210211004
12200 0.00000000360657370635
12300 0.00000000761779039848
12400 0.00000000039000180863
12500 0.00000000050853854461
12600 0.00000000371248720654
12700 0.00000000109426645523
12800 0.00000000199081906516
12900 0.00000000203282013445
13000 0.00000000116959553154
13100 0.00000000174473413495
13200 0.00000000180827797180
13300 0.00000000253738408063
13400 0.00000000563978863610
13500 0.00000000465606975197
13600 0.00000000775140351905
13700 0.00000000699228275280
13800 0.00000000884419026903
13900 0.00000001774469104987
14000 0.00000002454100034299
14100 0.00000002135659338265
14200 0.00000001540051597360
14300 0.00000001465480004015
14400 0.00000000969359259528
14500 0.00000000357294949183
14600 0.00000000512574693801
14700 0.00000000025000534976
14800 0.00000000516254328176
14900 0.00000001405878613525
15000 0.00000001522807790977
15100 0.00000000869706795470
15200 0.00000000573686476102
15300 0.00000000966178248518
15400 0.00000001082296741117
15500 0.00000001239658109498
15600 0.00000001683804917718
15700 0.00000002072696636546
15800 0.00000002536100307537
15900 0.00000001926547454900
16000 0.00000002223518436040
16100 0.00000002514296904010
16200 0.00000002480879501832
16300 0.00000002335846138735
16400 0.00000001831410489928
16500 0.00000001497553192564
16600 0.00000001681777384022
16700 0.00000001482127975905
16800 0.00000001005142413746
16900 0.00000001014658046472
17000 0.00000000835877367322
17100 0.00000001197949206500
17200 0.00000000636706865009
17300 0.00000000403413746852
17400 0.00000000004506084395
17500 0.00000000127937571648
17600 0.00000000422943724487
17700 0.00000000672354127929
17800 0.00000001363804669197
17900 0.00000002151554889807
18000 0.00000002487537020812
18100 0.00000002583446256921
18200 0.00000001332020627132
18300 0.00000001168886454295
18400 0.00000000797575738787
18500 0.00000000269699018673
18600 0.00000000691402268771
18700 0.00000000395444788026
18800 0.00000001050209030851
18900 0.00000001326906984289
19000 0.00000000324957305509
19100 0.00000002472817817178
19200 0.00000002648917796222
19300 0.00000003046400509632
19400 0.00000002857891212571
19500 0.00000001779509473110
19600 0.00000001349107447979
19700 0.00000001592095211222
19800 0.00000002191338577262
19900 0.00000000838450020524
20000 0.00000000492691620835
20100 0.00000000545425526965
20200 0.00000001008141259362
20300 0.00000001657819748146
20400 0.00000001319746578687
20500 0.00000000605974781465
20600 0.00000000872785710371
20700 0.00000001913173841572
20800 0.00000002055029879600
20900 0.00000002215625682922
21000 0.00000002858566272579
21100 0.00000003183133001627
21200 0.00000002711910251918
21300 0.00000002415789124299
21400 0.00000001772438773529
21500 0.00000001548154715536
21600 0.00000001670742699744
21700 0.00000002901655760112
21800 0.00000001225111434522
21900 0.00000001614683275974
22000 0.00000001683183503687
22100 0.00000002158449241563
22200 0.00000001584083397788
22300 0.00000000830639379501
22400 0.00000001215081013584
22500 0.00000000743520223168
22600 0.00000001326068854723
22700 0.00000001928974802112
22800 0.00000003064299658462
22900 0.00000003632477563187
23000 0.00000003706453277630
23100 0.00000003337826548488
23200 0.00000002943264432176
23300 0.00000002511580499132
23400 0.00000002317935265950
23500 0.00000002956833888845
23600 0.00000002952857869332
23700 0.00000002702692247780
23800 0.00000003280309623932
23900 0.00000003704932360904
24000 0.00000002360676543134
24100 0.00000002212459815354
24200 0.00000001459603238274
24300 0.00000002803332943557
24400 0.00000003259424241620
24500 0.00000002910125207478
24600 0.00000002382553221381
24700 0.00000002068010918066
24800 0.00000002052621672632
24900 0.00000003033461259960
25000 0.00000002645766450371
25100 0.00000003736822851153
25200 0.00000003233765033528
25300 0.00000001773591717935
25400 0.00000001215908085328
25500 0.00000001863123788581
25600 0.00000002285461198070
25700 0.00000001717711128890
25800 0.00000001131395110932
25900 0.00000000967550883857
26000 0.00000000895323237771
26100 0.00000000721718418362
26200 0.00000000860274207426
26300 0.00000000765738494835
26400 0.00000001804660820781
26500 0.00000001560445861415
26600 0.00000002391655495870
26700 0.00000001755557565986
26800 0.00000003587603014665
26900 0.00000004679299658861
27000 0.00000005058022534143
27100 0.00000004360392624747
27200 0.00000003721467578544
27300 0.00000001792490733621
27400 0.00000002354641415181
27500 0.00000004198719771864
27600 0.00000005558071070055
27700 0.00000005294436267178
27800 0.00000005183616114124
27900 0.00000004498117389673
28000 0.00000004734488712188
28100 0.00000006460812107534
28200 0.00000005859685847653
28300 0.00000005308841855012
28400 0.00000004548362175782
28500 0.00000003419084970702
28600 0.00000003508398371821
28700 0.00000005477933484599
28800 0.00000004446987489359
28900 0.00000005153715854078
29000 0.00000004951049481505
29100 0.00000006494529358747
29200 0.00000005261312852056
29300 0.00000004737560521662
29400 0.00000006903349669685
29500 0.00000008243747640080
29600 0.00000007425747616807
29700 0.00000006943003416637
29800 0.00000007875828034187
29900 0.00000007981797756074
30000 0.00000009152298741100
30100 0.00000008504978232793
30200 0.00000009184004889917
30300 0.00000009483561136392
30400 0.00000007566975179785
30500 0.00000007666494195036
30600 0.00000006545612185604
30700 0.00000005838365035871
30800 0.00000007231103804628
30900 0.00000008050341726573
31000 0.00000008161505515858
31100 0.00000008368467030451
31200 0.00000008111940053013
31300 0.00000008575425880508
31400 0.00000008450997146525
31500 0.00000007266482437984
31600 0.00000008160692921422
31700 0.00000008997443412539
31800 0.00000010632157820822
31900 0.00000010076330925202
32000 0.00000008995832523340
32100 0.00000007606070129285
32200 0.00000006735876700859
32300 0.00000006505477667673
32400 0.00000007180975014620
32500 0.00000007168513338485
32600 0.00000007711483007711
32700 0.00000007098795817839
32800 0.00000007709151006452
32900 0.00000007607977714486
33000 0.00000006729235435543
33100 0.00000005723670293278
33200 0.00000005838827865645
33300 0.00000005697668870042
33400 0.00000004493863636768
33500 0.00000003979153451183
33600 0.00000003479635957149
33700 0.00000004978124090727
33800 0.00000005350745979626
33900 0.00000004390992636161
34000 0.00000004814470688785
34100 0.00000004193395275465
34200 0.00000004826758370768
34300 0.00000005476105879865
34400 0.00000007116631062232
34500 0.00000007214151276358
34600 0.00000008889264169198
34700 0.00000008443297572214
34800 0.00000008562790831945
34900 0.00000008839265053240
35000 0.00000008632389469909
35100 0.00000008127365136446
35200 0.00000006822906639670
35300 0.00000007935273860227
35400 0.00000008100140558298
35500 0.00000009322769356501
35600 0.00000009922937582729
35700 0.00000009311083681851
35800 0.00000008964250675092
35900 0.00000007927545198072
36000 0.00000008012978502947
