100 0.036980
200 0.037193
300 0.040230
400 0.039096
500 0.039376
600 0.038735
700 0.038671
800 0.038505
900 0.038631
1000 0.038239
1100 0.038539
1200 0.038426
1300 0.038795
1400 0.038655
1500 0.038308
1600 0.038176
1700 0.038349
1800 0.038598
1900 0.038603
2000 0.038630
2100 0.038511
2200 0.038553
2300 0.038777
2400 0.038886
2500 0.039007
2600 0.038833
2700 0.038885
2800 0.038811
2900 0.038880
3000 0.038912
3100 0.038936
3200 0.038833
3300 0.038900
3400 0.038823
3500 0.038862
3600 0.038908
3700 0.038852
3800 0.038830
3900 0.038740
4000 0.038876
4100 0.038919
4200 0.039000
4300 0.039108
4400 0.039221
4500 0.039203
4600 0.039174
4700 0.039157
4800 0.039187
4900 0.039082
5000 0.039222
5100 0.039173
5200 0.039181
5300 0.039193
5400 0.039298
5500 0.039486
5600 0.039359
5700 0.039358
5800 0.039289
5900 0.039240
6000 0.039254
6100 0.039197
6200 0.039186
6300 0.039243
6400 0.039281
6500 0.039361
6600 0.039345
6700 0.039247
6800 0.039223
6900 0.039251
7000 0.039246
7100 0.039207
7200 0.039271
7300 0.039237
7400 0.039223
7500 0.039233
7600 0.039155
7700 0.039068
7800 0.039080
7900 0.039050
8000 0.039070
8100 0.039053
8200 0.039006
8300 0.038968
8400 0.038994
8500 0.038975
8600 0.038979
8700 0.038991
8800 0.038976
8900 0.039062
9000 0.039098
9100 0.038999
9200 0.038960
9300 0.038920
9400 0.038918
9500 0.038906
9600 0.038907
9700 0.038939
9800 0.038921
9900 0.038918
10000 0.038933
10100 0.038953
10200 0.038922
10300 0.038879
10400 0.038895
10500 0.038867
10600 0.038831
10700 0.038868
10800 0.038853
10900 0.038875
11000 0.038865
11100 0.038815
11200 0.038794
11300 0.038782
11400 0.038760
11500 0.038765
11600 0.038785
11700 0.038792
11800 0.038769
11900 0.038822
12000 0.038807
12100 0.038840
12200 0.038815
12300 0.038862
12400 0.038852
12500 0.038860
12600 0.038856
12700 0.038842
12800 0.038853
12900 0.038845
13000 0.038839
13100 0.038875
13200 0.038914
13300 0.038874
13400 0.038893
13500 0.038909
13600 0.038897
13700 0.038883
13800 0.038921
13900 0.038931
14000 0.038908
14100 0.038908
14200 0.038880
14300 0.038843
14400 0.038832
14500 0.038875
14600 0.038855
14700 0.038852
14800 0.038866
14900 0.038848
15000 0.038852
15100 0.038865
15200 0.038905
15300 0.038923
15400 0.038954
15500 0.038959
15600 0.038946
15700 0.038927
15800 0.038907
15900 0.038917
16000 0.038907
16100 0.038892
16200 0.038907
16300 0.038886
16400 0.038872
16500 0.038851
16600 0.038885
16700 0.038871
16800 0.038877
16900 0.038919
17000 0.038916
17100 0.038926
17200 0.038912
17300 0.038891
17400 0.038901
17500 0.038889
17600 0.038868
17700 0.038861
17800 0.038851
17900 0.038840
18000 0.038855
18100 0.038850
18200 0.038863
18300 0.038828
18400 0.038812
18500 0.038814
18600 0.038794
18700 0.038808
18800 0.038818
18900 0.038814
19000 0.038839
19100 0.038843
19200 0.038851
19300 0.038852
19400 0.038838
19500 0.038863
19600 0.038843
19700 0.038840
19800 0.038816
19900 0.038795
20000 0.038791
20100 0.038775
20200 0.038772
20300 0.038796
20400 0.038795
20500 0.038791
20600 0.038799
20700 0.038799
20800 0.038786
20900 0.038778
21000 0.038787
21100 0.038791
21200 0.038803
21300 0.038810
21400 0.038814
21500 0.038791
21600 0.038780
21700 0.038793
21800 0.038806
21900 0.038861
22000 0.038852
22100 0.038880
22200 0.038872
22300 0.038868
22400 0.038855
22500 0.038872
22600 0.038848
22700 0.038849
22800 0.038842
22900 0.038847
23000 0.038861
23100 0.038868
23200 0.038908
23300 0.038909
23400 0.038908
23500 0.038936
23600 0.038956
23700 0.038930
23800 0.038935
23900 0.038937
24000 0.038930
24100 0.038930
24200 0.038950
24300 0.038943
24400 0.038968
24500 0.038989
24600 0.039008
24700 0.039020
24800 0.039004
24900 0.039002
25000 0.039025
25100 0.039025
25200 0.039034
25300 0.039046
25400 0.039054
25500 0.039047
25600 0.039043
25700 0.039043
25800 0.039043
25900 0.039053
26000 0.039065
26100 0.039061
26200 0.039052
26300 0.039033
26400 0.039034
26500 0.039052
26600 0.039067
26700 0.039059
26800 0.039046
26900 0.039052
27000 0.039051
27100 0.039038
27200 0.039035
27300 0.039051
27400 0.039041
27500 0.039032
27600 0.039036
27700 0.039026
27800 0.039023
27900 0.039035
28000 0.039029
28100 0.039024
28200 0.039015
28300 0.039021
28400 0.039028
28500 0.039093
28600 0.039084
28700 0.039076
28800 0.039075
28900 0.039070
29000 0.039072
29100 0.039055
29200 0.039063
29300 0.039070
29400 0.039063
29500 0.039049
29600 0.039038
29700 0.039025
29800 0.039022
29900 0.039028
30000 0.039027
30100 0.039027
30200 0.039022
30300 0.039024
30400 0.039018
30500 0.039012
30600 0.039007
30700 0.039021
30800 0.039011
30900 0.039001
31000 0.039022
31100 0.039038
31200 0.039045
31300 0.039060
31400 0.039050
31500 0.039031
31600 0.039036
31700 0.039025
31800 0.039028
31900 0.039040
32000 0.039030
32100 0.039059
32200 0.039058
32300 0.039052
32400 0.039049
32500 0.039043
32600 0.039029
32700 0.039029
32800 0.039024
32900 0.039027
33000 0.039026
33100 0.039045
33200 0.039039
33300 0.039051
33400 0.039037
33500 0.039041
33600 0.039038
33700 0.039030
33800 0.039024
33900 0.039029
34000 0.039026
34100 0.039015
34200 0.039036
34300 0.039029
34400 0.039027
34500 0.039022
34600 0.039021
34700 0.039017
34800 0.039013
34900 0.039013
35000 0.038999
35100 0.039003
35200 0.038995
35300 0.039011
35400 0.039010
35500 0.039009
35600 0.039009
35700 0.039002
35800 0.038995
35900 0.038987
36000 0.038984
