100 0.790759
200 0.801072
300 0.805982
400 0.801140
500 0.803355
600 0.800362
700 0.801272
800 0.800982
900 0.799546
1000 0.798403
1100 0.797814
1200 0.797561
1300 0.798582
1400 0.798854
1500 0.797698
1600 0.797724
1700 0.797909
1800 0.797916
1900 0.798299
2000 0.797870
2100 0.797658
2200 0.798162
2300 0.798930
2400 0.798984
2500 0.799526
2600 0.798960
2700 0.799588
2800 0.799086
2900 0.799301
3000 0.799569
3100 0.799547
3200 0.799112
3300 0.799141
3400 0.798795
3500 0.799090
3600 0.799270
3700 0.799220
3800 0.798848
3900 0.798474
4000 0.799087
4100 0.799590
4200 0.799917
4300 0.799678
4400 0.799984
4500 0.799802
4600 0.799705
4700 0.799809
4800 0.799849
4900 0.799701
5000 0.800174
5100 0.800012
5200 0.799686
5300 0.799840
5400 0.799930
5500 0.799812
5600 0.799631
5700 0.799729
5800 0.799677
5900 0.799546
6000 0.799507
6100 0.799262
6200 0.799452
6300 0.799688
6400 0.799829
6500 0.799945
6600 0.799969
6700 0.799594
6800 0.799574
6900 0.799633
7000 0.799690
7100 0.799496
7200 0.799700
7300 0.799659
7400 0.799639
7500 0.799557
7600 0.799333
7700 0.799035
7800 0.799236
7900 0.799098
8000 0.799183
8100 0.799095
8200 0.799073
8300 0.798896
8400 0.798908
8500 0.798885
8600 0.798871
8700 0.798943
8800 0.798889
8900 0.799152
9000 0.799366
9100 0.799216
9200 0.799221
9300 0.799180
9400 0.799034
9500 0.799080
9600 0.799002
9700 0.799176
9800 0.799342
9900 0.799422
10000 0.799614
10100 0.799612
10200 0.799545
10300 0.799447
10400 0.799516
10500 0.799578
10600 0.799504
10700 0.799598
10800 0.799547
10900 0.799609
11000 0.799577
11100 0.799485
11200 0.799376
11300 0.799325
11400 0.799255
11500 0.799258
11600 0.799388
11700 0.799441
11800 0.799417
11900 0.799541
12000 0.799512
12100 0.799589
12200 0.799433
12300 0.799543
12400 0.799472
12500 0.799393
12600 0.799341
12700 0.799307
12800 0.799345
12900 0.799408
13000 0.799388
13100 0.799493
13200 0.799652
13300 0.799513
13400 0.799448
13500 0.799506
13600 0.799440
13700 0.799480
13800 0.799543
13900 0.799492
14000 0.799481
14100 0.799576
14200 0.799434
14300 0.799392
14400 0.799385
14500 0.799441
14600 0.799463
14700 0.799454
14800 0.799509
14900 0.799452
15000 0.799512
15100 0.799537
15200 0.799550
15300 0.799618
15400 0.799782
15500 0.799827
15600 0.799806
15700 0.799764
15800 0.799670
15900 0.799792
16000 0.799802
16100 0.799740
16200 0.799776
16300 0.799657
16400 0.799554
16500 0.799423
16600 0.799440
16700 0.799403
16800 0.799441
16900 0.799563
17000 0.799578
17100 0.799676
17200 0.799656
17300 0.799642
17400 0.799682
17500 0.799639
17600 0.799655
17700 0.799687
17800 0.799731
17900 0.799706
18000 0.799636
18100 0.799624
18200 0.799750
18300 0.799577
18400 0.799489
18500 0.799549
18600 0.799527
18700 0.799627
18800 0.799619
18900 0.799585
19000 0.799586
19100 0.799691
19200 0.799707
19300 0.799675
19400 0.799596
19500 0.799689
19600 0.799626
19700 0.799531
19800 0.799481
19900 0.799418
20000 0.799455
20100 0.799343
20200 0.799294
20300 0.799321
20400 0.799335
20500 0.799283
20600 0.799337
20700 0.799363
20800 0.799283
20900 0.799327
21000 0.799405
21100 0.799430
21200 0.799480
21300 0.799431
21400 0.799459
21500 0.799388
21600 0.799325
21700 0.799349
21800 0.799422
21900 0.799493
22000 0.799445
22100 0.799507
22200 0.799484
22300 0.799491
22400 0.799407
22500 0.799478
22600 0.799487
22700 0.799492
22800 0.799440
22900 0.799421
23000 0.799410
23100 0.799433
23200 0.799529
23300 0.799568
23400 0.799583
23500 0.799682
23600 0.799741
23700 0.799668
23800 0.799677
23900 0.799657
24000 0.799576
24100 0.799585
24200 0.799590
24300 0.799587
24400 0.799643
24500 0.799675
24600 0.799735
24700 0.799765
24800 0.799783
24900 0.799743
25000 0.799779
25100 0.799796
25200 0.799809
25300 0.799882
25400 0.799848
25500 0.799789
25600 0.799804
25700 0.799790
25800 0.799786
25900 0.799800
26000 0.799840
26100 0.799845
26200 0.799764
26300 0.799743
26400 0.799770
26500 0.799787
26600 0.799807
26700 0.799828
26800 0.799798
26900 0.799821
27000 0.799820
27100 0.799793
27200 0.799789
27300 0.799866
27400 0.799811
27500 0.799793
27600 0.799826
27700 0.799813
27800 0.799791
27900 0.799809
28000 0.799825
28100 0.799789
28200 0.799744
28300 0.799744
28400 0.799688
28500 0.799817
28600 0.799807
28700 0.799792
28800 0.799793
28900 0.799766
29000 0.799791
29100 0.799743
29200 0.799746
29300 0.799792
29400 0.799831
29500 0.799822
29600 0.799820
29700 0.799845
29800 0.799880
29900 0.799889
30000 0.799877
30100 0.799858
30200 0.799846
30300 0.799811
30400 0.799791
30500 0.799805
30600 0.799837
30700 0.799876
30800 0.799866
30900 0.799848
31000 0.799836
31100 0.799848
31200 0.799890
31300 0.799947
31400 0.799941
31500 0.799903
31600 0.799941
31700 0.799912
31800 0.799908
31900 0.799924
32000 0.799863
32100 0.799956
32200 0.799954
32300 0.799917
32400 0.799865
32500 0.799869
32600 0.799828
32700 0.799814
32800 0.799803
32900 0.799817
33000 0.799793
33100 0.799799
33200 0.799790
33300 0.799848
33400 0.799800
33500 0.799797
33600 0.799754
33700 0.799705
33800 0.799688
33900 0.799647
34000 0.799639
34100 0.799625
34200 0.799696
34300 0.799702
34400 0.799734
34500 0.799692
34600 0.799706
34700 0.799692
34800 0.799696
34900 0.799673
35000 0.799636
35100 0.799627
35200 0.799610
35300 0.799697
35400 0.799717
35500 0.799751
35600 0.799730
35700 0.799776
35800 0.799794
35900 0.799827
36000 0.799831
