100 1.924075
200 1.943108
300 1.970441
400 1.981350
500 2.006576
600 2.013582
700 2.046975
800 2.069216
900 2.091531
1000 2.099293
1100 2.091853
1200 2.075224
1300 2.080397
1400 2.102190
1500 2.119949
1600 2.136274
1700 2.129240
1800 2.127777
1900 2.127802
2000 2.123696
2100 2.126959
2200 2.131898
2300 2.126153
2400 2.125676
2500 2.139298
2600 2.132129
2700 2.134221
2800 2.129733
2900 2.129224
3000 2.124882
3100 2.129326
3200 2.136820
3300 2.137204
3400 2.142808
3500 2.137773
3600 2.143813
3700 2.154508
3800 2.158237
3900 2.160100
4000 2.158808
4100 2.156846
4200 2.156892
4300 2.158582
4400 2.172488
4500 2.175787
4600 2.176792
4700 2.172270
4800 2.174127
4900 2.170562
5000 2.168668
5100 2.163137
5200 2.162225
5300 2.166012
5400 2.170557
5500 2.172935
5600 2.173041
5700 2.177924
5800 2.179261
5900 2.180064
6000 2.181639
6100 2.174882
6200 2.176675
6300 2.176876
6400 2.173715
6500 2.173356
6600 2.171119
6700 2.169559
6800 2.167628
6900 2.172767
7000 2.178906
7100 2.178872
7200 2.182220
7300 2.182045
7400 2.178826
7500 2.174861
7600 2.175474
7700 2.172955
7800 2.171776
7900 2.171057
8000 2.169526
8100 2.170530
8200 2.170521
8300 2.166570
8400 2.165978
8500 2.161563
8600 2.160364
8700 2.156760
8800 2.154753
8900 2.156503
9000 2.155733
9100 2.156294
9200 2.156934
9300 2.153932
9400 2.150415
9500 2.147597
9600 2.144978
9700 2.141743
9800 2.140566
9900 2.139394
10000 2.139301
10100 2.137560
10200 2.137702
10300 2.136881
10400 2.139580
10500 2.139448
10600 2.136902
10700 2.136483
10800 2.134570
10900 2.134923
11000 2.135111
11100 2.134803
11200 2.136983
11300 2.136783
11400 2.135310
11500 2.132754
11600 2.133539
11700 2.132822
11800 2.131520
11900 2.133084
12000 2.132636
12100 2.131869
12200 2.130706
12300 2.129174
12400 2.127112
12500 2.126515
12600 2.126224
12700 2.125549
12800 2.125701
12900 2.125843
13000 2.124819
13100 2.126182
13200 2.127967
13300 2.125658
13400 2.125423
13500 2.128843
13600 2.130817
13700 2.129856
13800 2.130175
13900 2.129174
14000 2.127486
14100 2.127591
14200 2.125981
14300 2.125352
14400 2.125025
14500 2.123807
14600 2.121655
14700 2.121970
14800 2.121195
14900 2.119933
15000 2.119836
15100 2.119195
15200 2.118326
15300 2.117334
15400 2.118134
15500 2.117588
15600 2.115691
15700 2.113845
15800 2.113200
15900 2.112019
16000 2.111766
16100 2.111677
16200 2.111672
16300 2.111300
16400 2.112014
16500 2.111998
16600 2.111714
16700 2.110981
16800 2.110890
16900 2.112664
17000 2.113487
17100 2.112921
17200 2.112612
17300 2.112865
17400 2.112920
17500 2.114747
17600 2.114402
17700 2.115081
17800 2.113860
17900 2.113267
18000 2.112468
18100 2.112492
18200 2.112269
18300 2.111687
18400 2.111350
18500 2.110753
18600 2.109466
18700 2.109928
18800 2.109147
18900 2.109285
19000 2.109540
19100 2.109044
19200 2.107711
19300 2.108099
19400 2.107968
19500 2.109491
19600 2.108577
19700 2.109134
19800 2.108532
19900 2.107639
20000 2.107969
20100 2.107098
20200 2.106558
20300 2.107091
20400 2.106853
20500 2.106785
20600 2.107792
20700 2.106771
20800 2.105297
20900 2.104115
21000 2.103011
21100 2.103277
21200 2.104279
21300 2.104339
21400 2.104212
21500 2.103965
21600 2.103612
21700 2.105751
21800 2.106949
21900 2.106753
22000 2.107651
22100 2.108776
22200 2.110902
22300 2.111098
22400 2.110187
22500 2.110006
22600 2.109107
22700 2.110317
22800 2.111866
22900 2.111449
23000 2.111016
23100 2.109558
23200 2.109275
23300 2.108486
23400 2.108469
23500 2.107283
23600 2.107651
23700 2.107624
23800 2.106833
23900 2.106776
24000 2.107314
24100 2.107080
24200 2.107872
24300 2.108004
24400 2.109144
24500 2.108679
24600 2.108316
24700 2.107516
24800 2.106314
24900 2.105711
25000 2.105781
25100 2.106497
25200 2.106062
25300 2.105723
25400 2.105311
25500 2.104152
25600 2.103854
25700 2.103242
25800 2.102626
25900 2.102898
26000 2.104571
26100 2.103639
26200 2.103194
26300 2.103142
26400 2.103890
26500 2.103942
26600 2.103829
26700 2.103190
26800 2.102219
26900 2.102074
27000 2.101808
27100 2.101936
27200 2.102214
27300 2.102191
27400 2.101477
27500 2.101120
27600 2.100889
27700 2.100160
27800 2.099747
27900 2.098840
28000 2.098394
28100 2.097668
28200 2.098554
28300 2.099339
28400 2.099152
28500 2.099806
28600 2.099540
28700 2.100479
28800 2.101206
28900 2.101274
29000 2.101081
29100 2.101689
29200 2.101301
29300 2.102422
29400 2.103253
29500 2.103989
29600 2.103951
29700 2.103642
29800 2.102674
29900 2.102615
30000 2.102226
30100 2.102380
30200 2.102919
30300 2.102687
30400 2.102795
30500 2.102754
30600 2.102401
30700 2.102560
30800 2.102247
30900 2.102737
31000 2.103785
31100 2.103850
31200 2.104165
31300 2.103388
31400 2.104618
31500 2.105310
31600 2.105341
31700 2.105209
31800 2.105918
31900 2.105912
32000 2.105898
32100 2.106422
32200 2.106895
32300 2.107391
32400 2.107086
32500 2.107096
32600 2.107707
32700 2.107635
32800 2.106994
32900 2.106674
33000 2.107265
33100 2.107487
33200 2.107303
33300 2.107564
33400 2.107909
33500 2.107680
33600 2.106832
33700 2.106621
33800 2.107169
33900 2.107129
34000 2.107011
34100 2.106737
34200 2.106869
34300 2.106515
34400 2.106172
34500 2.106067
34600 2.105852
34700 2.105707
34800 2.105561
34900 2.106133
35000 2.105899
35100 2.105969
35200 2.105229
35300 2.105538
35400 2.105139
35500 2.104500
35600 2.104161
35700 2.104398
35800 2.103780
35900 2.103319
36000 2.103446
