100 0.215768
200 0.269572
300 0.239593
400 0.237914
500 0.262069
600 0.273626
700 0.297488
800 0.334643
900 0.356223
1000 0.370886
1100 0.367005
1200 0.348301
1300 0.350332
1400 0.364506
1500 0.385105
1600 0.405202
1700 0.402674
1800 0.405268
1900 0.397974
2000 0.391751
2100 0.394495
2200 0.396252
2300 0.387942
2400 0.387583
2500 0.396582
2600 0.387228
2700 0.387979
2800 0.386725
2900 0.386620
3000 0.378447
3100 0.380645
3200 0.389153
3300 0.389979
3400 0.395507
3500 0.389586
3600 0.395933
3700 0.409256
3800 0.412394
3900 0.416530
4000 0.415548
4100 0.413581
4200 0.410431
4300 0.411478
4400 0.423403
4500 0.424244
4600 0.423252
4700 0.420241
4800 0.419807
4900 0.418436
5000 0.413337
5100 0.407845
5200 0.407615
5300 0.411090
5400 0.414594
5500 0.416950
5600 0.418629
5700 0.423525
5800 0.424901
5900 0.428693
6000 0.430145
6100 0.424782
6200 0.425654
6300 0.424194
6400 0.420619
6500 0.419365
6600 0.417490
6700 0.416702
6800 0.415698
6900 0.420767
7000 0.425835
7100 0.424635
7200 0.427939
7300 0.428929
7400 0.426117
7500 0.424249
7600 0.425748
7700 0.424838
7800 0.422501
7900 0.422430
8000 0.420749
8100 0.421799
8200 0.420523
8300 0.417738
8400 0.415006
8500 0.411056
8600 0.409061
8700 0.404851
8800 0.403659
8900 0.403905
9000 0.403199
9100 0.404537
9200 0.405674
9300 0.403136
9400 0.400485
9500 0.397796
9600 0.394911
9700 0.392356
9800 0.391834
9900 0.391343
10000 0.390628
10100 0.389315
10200 0.390189
10300 0.390307
10400 0.392190
10500 0.391891
10600 0.390327
10700 0.390232
10800 0.387738
10900 0.387525
11000 0.388076
11100 0.388919
11200 0.392331
11300 0.392102
11400 0.390956
11500 0.388731
11600 0.389211
11700 0.388901
11800 0.388048
11900 0.388556
12000 0.388479
12100 0.386187
12200 0.385240
12300 0.383392
12400 0.381963
12500 0.382104
12600 0.382447
12700 0.382212
12800 0.382886
12900 0.383161
13000 0.382341
13100 0.382321
13200 0.382189
13300 0.381051
13400 0.381023
13500 0.383653
13600 0.385639
13700 0.385693
13800 0.384941
13900 0.384506
14000 0.383456
14100 0.382190
14200 0.380722
14300 0.381194
14400 0.380927
14500 0.379829
14600 0.377777
14700 0.377801
14800 0.376754
14900 0.375590
15000 0.374558
15100 0.373127
15200 0.371877
15300 0.370818
15400 0.370246
15500 0.369793
15600 0.367707
15700 0.366583
15800 0.366120
15900 0.365348
16000 0.365657
16100 0.366028
16200 0.366867
16300 0.366594
16400 0.367618
16500 0.368145
16600 0.367616
16700 0.366751
16800 0.365650
16900 0.366770
17000 0.367193
17100 0.366268
17200 0.366449
17300 0.367123
17400 0.367414
17500 0.368803
17600 0.368614
17700 0.368712
17800 0.367751
17900 0.367112
18000 0.366893
18100 0.366682
18200 0.366563
18300 0.365458
18400 0.365355
18500 0.365376
18600 0.364313
18700 0.364683
18800 0.364426
18900 0.365062
19000 0.365236
19100 0.364757
19200 0.363934
19300 0.364330
19400 0.364037
19500 0.364939
19600 0.364493
19700 0.365196
19800 0.364895
19900 0.364087
20000 0.364589
20100 0.364649
20200 0.364224
20300 0.364839
20400 0.364587
20500 0.364136
20600 0.364112
20700 0.363165
20800 0.361997
20900 0.361102
21000 0.360148
21100 0.360436
21200 0.361399
21300 0.361425
21400 0.361475
21500 0.361698
21600 0.361541
21700 0.363003
21800 0.364343
21900 0.363502
22000 0.364194
22100 0.365062
22200 0.366755
22300 0.367080
22400 0.366603
22500 0.366372
22600 0.365691
22700 0.366226
22800 0.367510
22900 0.367345
23000 0.366937
23100 0.365571
23200 0.364748
23300 0.364169
23400 0.364496
23500 0.363414
23600 0.362908
23700 0.362952
23800 0.362430
23900 0.362455
24000 0.363161
24100 0.362996
24200 0.363610
24300 0.363863
24400 0.364194
24500 0.363710
24600 0.363023
24700 0.361824
24800 0.360865
24900 0.360383
25000 0.360186
25100 0.360850
25200 0.360628
25300 0.360101
25400 0.359381
25500 0.358490
25600 0.357781
25700 0.357829
25800 0.357653
25900 0.358037
26000 0.359125
26100 0.358266
26200 0.358140
26300 0.358209
26400 0.358260
26500 0.357932
26600 0.357777
26700 0.356763
26800 0.356080
26900 0.355753
27000 0.355695
27100 0.356316
27200 0.356203
27300 0.356043
27400 0.355712
27500 0.355505
27600 0.354986
27700 0.354392
27800 0.354073
27900 0.353208
28000 0.352770
28100 0.352102
28200 0.352761
28300 0.353465
28400 0.353348
28500 0.353406
28600 0.353175
28700 0.354063
28800 0.354991
28900 0.355044
29000 0.354646
29100 0.355089
29200 0.354546
29300 0.355251
29400 0.356100
29500 0.356973
29600 0.356693
29700 0.356605
29800 0.355828
29900 0.355842
30000 0.355919
30100 0.355916
30200 0.356780
30300 0.356550
30400 0.356834
30500 0.356695
30600 0.356333
30700 0.356566
30800 0.356419
30900 0.356961
31000 0.357313
31100 0.357393
31200 0.357446
31300 0.356889
31400 0.358020
31500 0.358571
31600 0.358403
31700 0.358079
31800 0.358533
31900 0.358482
32000 0.358326
32100 0.358228
32200 0.358706
32300 0.358952
32400 0.358740
32500 0.358621
32600 0.359004
32700 0.359163
32800 0.358923
32900 0.358641
33000 0.358920
33100 0.359083
33200 0.358888
33300 0.358783
33400 0.359286
33500 0.358981
33600 0.358530
33700 0.358667
33800 0.359092
33900 0.359134
34000 0.359147
34100 0.358744
34200 0.358433
34300 0.358228
34400 0.358009
34500 0.358065
34600 0.357780
34700 0.357208
34800 0.356967
34900 0.357250
35000 0.357214
35100 0.356901
35200 0.356187
35300 0.356070
35400 0.355484
35500 0.355081
35600 0.354754
35700 0.354553
35800 0.354075
35900 0.353841
36000 0.354174
