100 0.00000000004400324549
200 0.00000000010256751004
300 0.00000000011986922566
400 0.00000000025779578472
500 0.00000000025577451268
600 0.00000000167585456623
700 0.00000000233876784606
800 0.00000000237701058836
900 0.00000000414384127012
1000 0.00000000285832690849
1100 0.00000000377584008504
1200 0.00000000353759910254
1300 0.00000000426117363617
1400 0.00000000253708609677
1500 0.00000000412831013819
1600 0.00000000605652017427
1700 0.00000000786596254798
1800 0.00000000694956003855
1900 0.00000000618436812871
2000 0.00000000543728484459
2100 0.00000000627410923215
2200 0.00000000905706798449
2300 0.00000001103591884544
2400 0.00000001470190369446
2500 0.00000000762233742790
2600 0.00000000322049942270
2700 0.00000000671374955630
2800 0.00000000965359303606
2900 0.00000000535926547585
3000 0.00000000525863486089
3100 0.00000001845010366708
3200 0.00000002863722547986
3300 0.00000002417637423591
3400 0.00000001883098210698
3500 0.00000002489412986861
3600 0.00000002291125733578
3700 0.00000002834364076776
3800 0.00000002032796553308
3900 0.00000002485332073476
4000 0.00000002790752251514
4100 0.00000003124064829052
4200 0.00000002748112803985
4300 0.00000001346709899153
4400 0.00000001399199200947
4500 0.00000002100885287959
4600 0.00000002736076210041
4700 0.00000001675399197154
4800 0.00000002387049358177
4900 0.00000002590682912640
5000 0.00000002278766642050
5100 0.00000002341094340608
5200 0.00000003348386190538
5300 0.00000002014857036770
5400 0.00000001592035037135
5500 0.00000001216627643075
5600 0.00000001120876280680
5700 0.00000000991917881166
5800 0.00000002377249375130
5900 0.00000003402398895958
6000 0.00000003498317679984
6100 0.00000004278058884921
6200 0.00000005578550910101
6300 0.00000005513265532997
6400 0.00000006282247522194
6500 0.00000006182608114358
6600 0.00000004519174812145
6700 0.00000005663668112277
6800 0.00000005090160293264
6900 0.00000005058223839782
7000 0.00000003949072890919
7100 0.00000003070946474892
7200 0.00000003737430454009
7300 0.00000002655953235120
7400 0.00000003476383980683
7500 0.00000003278766680381
7600 0.00000004369329920095
7700 0.00000005422476245798
7800 0.00000004991453028680
7900 0.00000006841832567162
8000 0.00000008367648662855
8100 0.00000010777865133704
8200 0.00000009506349929467
8300 0.00000011408554367875
8400 0.00000011360323881604
8500 0.00000012657785175563
8600 0.00000014401860770619
8700 0.00000014031769079992
8800 0.00000016200626973273
8900 0.00000016734012442399
9000 0.00000015737184799747
9100 0.00000017033825150392
9200 0.00000017938831398112
9300 0.00000019321179367537
9400 0.00000018289758285661
9500 0.00000017805018437400
9600 0.00000017524825102200
9700 0.00000017734048141094
9800 0.00000015741888947929
9900 0.00000014210075516274
10000 0.00000013791833364252
10100 0.00000014570145534520
10200 0.00000013699110823495
10300 0.00000013390125364054
10400 0.00000011184534365327
10500 0.00000011896919627219
10600 0.00000012436125995663
10700 0.00000013432038903360
10800 0.00000013597984027669
10900 0.00000013884803529152
11000 0.00000013518541841506
11100 0.00000013086284766928
11200 0.00000012789927961165
11300 0.00000015557632648822
11400 0.00000014688191418699
11500 0.00000014714093987678
11600 0.00000013433819834319
11700 0.00000012794061277077
11800 0.00000014539552228854
11900 0.00000016014673986930
12000 0.00000019862979572238
12100 0.00000019063717271450
12200 0.00000019366033354729
12300 0.00000018978550597737
12400 0.00000019705274967308
12500 0.00000020838531700207
12600 0.00000019301936893257
12700 0.00000018573103766073
12800 0.00000018292926773356
12900 0.00000015031706013247
13000 0.00000016976616734610
13100 0.00000016397361601861
13200 0.00000017629194815072
13300 0.00000015947278431128
13400 0.00000014158928207664
13500 0.00000014108806389856
13600 0.00000013125493447674
13700 0.00000014762778510757
13800 0.00000012676494609565
13900 0.00000013227744410926
14000 0.00000010632838742808
14100 0.00000009330903116833
14200 0.00000009395439759530
14300 0.00000006474656322197
14400 0.00000007961050885186
14500 0.00000007630338583198
14600 0.00000006378483163871
14700 0.00000007693958181676
14800 0.00000005575039541128
14900 0.00000006646753147876
15000 0.00000006434624122420
15100 0.00000006078334191528
15200 0.00000005727825680424
15300 0.00000005837327865521
15400 0.00000002774846796783
15500 0.00000003410100157808
15600 0.00000002121898878826
15700 0.00000001779409730673
15800 0.00000003887522526114
15900 0.00000003991904184986
16000 0.00000003911739510087
16100 0.00000003031068063208
16200 0.00000001585106623736
16300 0.00000004567257194665
16400 0.00000000610014661007
16500 0.00000002707071633523
16600 0.00000002456450820532
16700 0.00000002269683996303
16800 0.00000004300008615843
16900 0.00000007292054515773
17000 0.00000000861533155927
17100 0.00000004443540602139
17200 0.00000007822002334734
17300 0.00000008066251089289
17400 0.00000007607981133972
17500 0.00000012679566996354
17600 0.00000013714493185546
17700 0.00000013730698666947
17800 0.00000008871319101544
17900 0.00000010048626242209
18000 0.00000008525602890330
18100 0.00000007016419356631
18200 0.00000007294014414683
18300 0.00000008978121446290
18400 0.00000013500734263872
18500 0.00000014304840645352
18600 0.00000011410144340473
18700 0.00000011632749163937
18800 0.00000010480179968297
18900 0.00000007086767839226
19000 0.00000004153831678622
19100 0.00000003426358130554
19200 0.00000001584786124553
19300 0.00000004066172376582
19400 0.00000000686353640589
19500 0.00000000894074769775
19600 0.00000000993381288339
19700 0.00000001874686805792
19800 0.00000003047348995366
19900 0.00000004883808690792
20000 0.00000004511135687224
20100 0.00000002291252210185
20200 0.00000003504544565658
20300 0.00000008333641687841
20400 0.00000009176348836348
20500 0.00000007830302717338
20600 0.00000005382517853647
20700 0.00000002751534955436
20800 0.00000000177310610638
20900 0.00000000685936818456
21000 0.00000001225628976087
21100 0.00000005575026662541
21200 0.00000002263436726935
21300 0.00000006862306101141
21400 0.00000009041865878245
21500 0.00000007209911689898
21600 0.00000005838806016456
21700 0.00000005656027735057
21800 0.00000007429702852946
21900 0.00000005675598213628
22000 0.00000007961077619356
22100 0.00000009542528722761
22200 0.00000010339941569626
22300 0.00000007935816004334
22400 0.00000005292491112030
22500 0.00000006055826373697
22600 0.00000003822617999916
22700 0.00000005429326144224
22800 0.00000005254735047089
22900 0.00000007686984249133
23000 0.00000011603533156546
23100 0.00000008611494051181
23200 0.00000007769169707572
23300 0.00000013841923607316
23400 0.00000020930926991625
23500 0.00000021308351305649
23600 0.00000017486914094533
23700 0.00000017374335659071
23800 0.00000016773178490581
23900 0.00000013147514099643
24000 0.00000007853091110732
24100 0.00000008970004961029
24200 0.00000003940965154214
24300 0.00000007905869692237
24400 0.00000008141250473770
24500 0.00000005575567163518
24600 0.00000003242353407984
24700 0.00000003537588355584
24800 0.00000003763536904344
24900 0.00000004921008134318
25000 0.00000000130484378857
25100 0.00000004351120397317
25200 0.00000007198618323656
25300 0.00000013256315956056
25400 0.00000019454381927630
25500 0.00000020904319519843
25600 0.00000023404828519702
25700 0.00000022706968749731
25800 0.00000016849726636181
25900 0.00000014506495693567
26000 0.00000009062047068298
26100 0.00000009198366779373
26200 0.00000010819189455447
26300 0.00000015282792897864
26400 0.00000013585507963043
26500 0.00000011613186901016
26600 0.00000013882740024229
26700 0.00000014460869790511
26800 0.00000009520789001627
26900 0.00000007524715472940
27000 0.00000006531895868633
27100 0.00000005420855320182
27200 0.00000003236644507965
27300 0.00000005931839908158
27400 0.00000007225705811464
27500 0.00000011320799098158
27600 0.00000012087383449710
27700 0.00000015012267740033
27800 0.00000015034641087652
27900 0.00000013980425306315
28000 0.00000016168476779654
28100 0.00000016054308016322
28200 0.00000010095701918900
28300 0.00000005218460330525
28400 0.00000007004882984774
28500 0.00000007033132032319
28600 0.00000005301815342307
28700 0.00000003230260592346
28800 0.00000003253065727904
28900 0.00000004799860908733
29000 0.00000008053072653169
29100 0.00000007828253911768
29200 0.00000007210244046263
29300 0.00000007367178822548
29400 0.00000005674594616423
29500 0.00000009054565008881
29600 0.00000011500138752396
29700 0.00000017956810971498
29800 0.00000019007974705332
29900 0.00000019879556623081
30000 0.00000012681442074225
30100 0.00000011147835277114
30200 0.00000007645258781608
30300 0.00000010832195407318
30400 0.00000011363999208314
30500 0.00000007199342944020
30600 0.00000004879432546900
30700 0.00000005242158840346
30800 0.00000003280055382859
30900 0.00000004718471391385
31000 0.00000002706308288580
31100 0.00000005695785354476
31200 0.00000008674619378368
31300 0.00000006656174456054
31400 0.00000007607227603401
31500 0.00000011416836365186
31600 0.00000009629137531775
31700 0.00000013630419504196
31800 0.00000012369064972262
31900 0.00000008492741443433
32000 0.00000009279005031004
32100 0.00000007144022795558
32200 0.00000014959309480034
32300 0.00000015859241875305
32400 0.00000013168799606333
32500 0.00000013525903197475
32600 0.00000015698591671054
32700 0.00000015021311305929
32800 0.00000020785914767174
32900 0.00000021738126010362
33000 0.00000023061287190984
33100 0.00000026565684629887
33200 0.00000023523860859243
33300 0.00000013127715225991
33400 0.00000003542462057027
33500 0.00000002902509432801
33600 0.00000002448151859014
33700 0.00000000847784331626
33800 0.00000000299419466998
33900 0.00000000870688010579
34000 0.00000003543724202970
34100 0.00000011051497716963
34200 0.00000009309328996565
34300 0.00000010840756825559
34400 0.00000013418855449032
34500 0.00000014884455890041
34600 0.00000021361846824774
34700 0.00000018978569693573
34800 0.00000013637730589267
34900 0.00000011235300245716
35000 0.00000009915102960889
35100 0.00000007529720980060
35200 0.00000006827713949775
35300 0.00000008115234306771
35400 0.00000003431388817532
35500 0.00000001497580237597
35600 0.00000005827080773457
35700 0.00000002266276988294
35800 0.00000004481975990345
35900 0.00000003403458537221
36000 0.00000000686745993406
