100 0.00000000000015365487
200 0.00000000000036209924
300 0.00000000000135330636
400 0.00000000000116673338
500 0.00000000000117927890
600 0.00000000000854488702
700 0.00000000000432909264
800 0.00000000000964422986
900 0.00000000000160399471
1000 0.00000000000620242746
1100 0.00000000001060940225
1200 0.00000000001337741029
1300 0.00000000000879052386
1400 0.00000000002503225405
1500 0.00000000001892463963
1600 0.00000000002581296288
1700 0.00000000001731481625
1800 0.00000000000734445837
1900 0.00000000001052552490
2000 0.00000000002826477941
2100 0.00000000000915739706
2200 0.00000000003362643497
2300 0.00000000001901445668
2400 0.00000000002688083089
2500 0.00000000002201044902
2600 0.00000000001889577383
2700 0.00000000005716205287
2800 0.00000000001616934364
2900 0.00000000003507527602
3000 0.00000000002114330933
3100 0.00000000002902350582
3200 0.00000000003074884791
3300 0.00000000003628375378
3400 0.00000000001700695140
3500 0.00000000000585509419
3600 0.00000000000442162973
3700 0.00000000004377537222
3800 0.00000000004404882015
3900 0.00000000002769912077
4000 0.00000000003782268942
4100 0.00000000000494232433
4200 0.00000000004201300419
4300 0.00000000001510608305
4400 0.00000000000486832796
4500 0.00000000001013827911
4600 0.00000000000107003295
4700 0.00000000000217503793
4800 0.00000000001007116612
4900 0.00000000001399069749
5000 0.00000000000733857419
5100 0.00000000006097872207
5200 0.00000000005728095775
5300 0.00000000002741656902
5400 0.00000000003903366519
5500 0.00000000007874767505
5600 0.00000000005335920594
5700 0.00000000000335170780
5800 0.00000000005851408247
5900 0.00000000003573757956
6000 0.00000000000683603174
6100 0.00000000002856437309
6200 0.00000000003955891170
6300 0.00000000003133038273
6400 0.00000000001530980898
6500 0.00000000006171296807
6600 0.00000000000954447632
6700 0.00000000003735650678
6800 0.00000000002348155004
6900 0.00000000000187877491
7000 0.00000000000048022697
7100 0.00000000001351257994
7200 0.00000000002177563685
7300 0.00000000000344319018
7400 0.00000000002152183987
7500 0.00000000005399730663
7600 0.00000000002086431028
7700 0.00000000000324151816
7800 0.00000000010405659667
7900 0.00000000003844813357
8000 0.00000000001236138969
8100 0.00000000005277311921
8200 0.00000000009790462885
8300 0.00000000009439987680
8400 0.00000000003250361091
8500 0.00000000003880140653
8600 0.00000000003907257851
8700 0.00000000002384270559
8800 0.00000000005103550915
8900 0.00000000001538458250
9000 0.00000000006966371924
9100 0.00000000002168437652
9200 0.00000000009966322212
9300 0.00000000003854599973
9400 0.00000000000105870868
9500 0.00000000000109851017
9600 0.00000000002242356301
9700 0.00000000002643385510
9800 0.00000000007851258532
9900 0.00000000004862066305
10000 0.00000000000658406663
10100 0.00000000014846657237
10200 0.00000000001593769561
10300 0.00000000011033102210
10400 0.00000000008403622243
10500 0.00000000003150374406
10600 0.00000000002251770992
10700 0.00000000006833894561
10800 0.00000000009050349359
10900 0.00000000008876049895
11000 0.00000000002650929476
11100 0.00000000011707834702
11200 0.00000000011772877118
11300 0.00000000012836137708
11400 0.00000000001210925804
11500 0.00000000008937739437
11600 0.00000000009333928075
11700 0.00000000001699046459
11800 0.00000000013935924636
11900 0.00000000002785527364
12000 0.00000000008057854384
12100 0.00000000001162347996
12200 0.00000000000694500013
12300 0.00000000008774703186
12400 0.00000000009739131723
12500 0.00000000001493055679
12600 0.00000000002861921811
12700 0.00000000003321520836
12800 0.00000000002633071539
12900 0.00000000004605543724
13000 0.00000000007096107035
13100 0.00000000008689726716
13200 0.00000000010563722119
13300 0.00000000006184025514
13400 0.00000000001229799595
13500 0.00000000009636969001
13600 0.00000000003046757291
13700 0.00000000000882016682
13800 0.00000000002624978013
13900 0.00000000000196764827
14000 0.00000000002615968553
14100 0.00000000000458355576
14200 0.00000000006560951782
14300 0.00000000006766104343
14400 0.00000000004477973548
14500 0.00000000001513411618
14600 0.00000000013105733165
14700 0.00000000015656520524
14800 0.00000000009108253041
14900 0.00000000015861706393
15000 0.00000000004546829580
15100 0.00000000010899964265
15200 0.00000000011566636537
15300 0.00000000003118977299
15400 0.00000000000636518616
15500 0.00000000001341937672
15600 0.00000000008112455152
15700 0.00000000029246255417
15800 0.00000000000342947892
15900 0.00000000008535988583
16000 0.00000000011492734542
16100 0.00000000004183270397
16200 0.00000000001914374215
16300 0.00000000002530076149
16400 0.00000000013879869476
16500 0.00000000015736256742
16600 0.00000000011612155681
16700 0.00000000019118023831
16800 0.00000000007836176152
16900 0.00000000010730910605
17000 0.00000000009282419278
17100 0.00000000014194018183
17200 0.00000000011428530344
17300 0.00000000018054813200
17400 0.00000000005511124890
17500 0.00000000013600048865
17600 0.00000000022861601501
17700 0.00000000012656797832
17800 0.00000000002478800498
17900 0.00000000006820793930
18000 0.00000000003669459181
18100 0.00000000006374550887
18200 0.00000000009448103411
18300 0.00000000015105217077
18400 0.00000000005037997797
18500 0.00000000003429345696
18600 0.00000000018075424491
18700 0.00000000002795125242
18800 0.00000000005997019548
18900 0.00000000004975975187
19000 0.00000000000015443202
19100 0.00000000014078299637
19200 0.00000000001673799988
19300 0.00000000007031453197
19400 0.00000000005815453674
19500 0.00000000006913680739
19600 0.00000000003042227581
19700 0.00000000010726025623
19800 0.00000000003457151232
19900 0.00000000004751760097
20000 0.00000000011961520663
20100 0.00000000000656402710
20200 0.00000000015725148961
20300 0.00000000012665374305
20400 0.00000000007243450284
20500 0.00000000043197034838
20600 0.00000000025633700718
20700 0.00000000050495607695
20800 0.00000000055205601202
20900 0.00000000051687509828
21000 0.00000000011731143834
21100 0.00000000038202552233
21200 0.00000000007071565555
21300 0.00000000027732405261
21400 0.00000000022532664623
21500 0.00000000019514156957
21600 0.00000000010333689460
21700 0.00000000014193379805
21800 0.00000000008965883591
21900 0.00000000040420944369
22000 0.00000000016750884013
22100 0.00000000002856265224
22200 0.00000000022614043971
22300 0.00000000026452912083
22400 0.00000000011000444999
22500 0.00000000010706596720
22600 0.00000000003978617436
22700 0.00000000040821329650
22800 0.00000000023080598544
22900 0.00000000035787200980
23000 0.00000000022966573088
23100 0.00000000008822093056
23200 0.00000000019157192499
23300 0.00000000006150141507
23400 0.00000000010620698765
23500 0.00000000002684646949
23600 0.00000000041047948374
23700 0.00000000021443469223
23800 0.00000000024562052392
23900 0.00000000034337194199
24000 0.00000000022819984791
24100 0.00000000015169143719
24200 0.00000000014702794537
24300 0.00000000002100158936
24400 0.00000000013465950577
24500 0.00000000020971230308
24600 0.00000000002914191111
24700 0.00000000005712103013
24800 0.00000000014705830997
24900 0.00000000012018602780
25000 0.00000000021527507554
25100 0.00000000010267475758
25200 0.00000000020094814701
25300 0.00000000022839552472
25400 0.00000000027015489845
25500 0.00000000011092521346
25600 0.00000000023626633983
25700 0.00000000006502437477
25800 0.00000000019820678432
25900 0.00000000013708278956
26000 0.00000000007824851878
26100 0.00000000012233880575
26200 0.00000000027081537013
26300 0.00000000009751005559
26400 0.00000000021607643452
26500 0.00000000032668867611
26600 0.00000000015183099222
26700 0.00000000016906120948
26800 0.00000000028397539875
26900 0.00000000028241109451
27000 0.00000000030812635776
27100 0.00000000029115432287
27200 0.00000000006112005346
27300 0.00000000000921118737
27400 0.00000000027799484936
27500 0.00000000012203515976
27600 0.00000000021945695261
27700 0.00000000028254759643
27800 0.00000000019115675709
27900 0.00000000015038220669
28000 0.00000000024194674042
28100 0.00000000035886910110
28200 0.00000000030137498053
28300 0.00000000007675848845
28400 0.00000000008024908515
28500 0.00000000032129504612
28600 0.00000000016270751413
28700 0.00000000021624024793
28800 0.00000000030461660971
28900 0.00000000038453640272
29000 0.00000000005751865650
29100 0.00000000009664902212
29200 0.00000000027174068551
29300 0.00000000034457875442
29400 0.00000000008859762923
29500 0.00000000051697535142
29600 0.00000000010541789663
29700 0.00000000005448297369
29800 0.00000000031963043323
29900 0.00000000022640206376
30000 0.00000000014947004745
30100 0.00000000043116921145
30200 0.00000000003678857219
30300 0.00000000011397827127
30400 0.00000000000847732995
30500 0.00000000001145405992
30600 0.00000000024839247326
30700 0.00000000022679752520
30800 0.00000000023593388354
30900 0.00000000015603218717
31000 0.00000000008330380830
31100 0.00000000024640983698
31200 0.00000000012504791647
31300 0.00000000005375710987
31400 0.00000000011439721392
31500 0.00000000000384969834
31600 0.00000000004166600398
31700 0.00000000014261897219
31800 0.00000000016106610490
31900 0.00000000042147185741
32000 0.00000000013195228243
32100 0.00000000073508488185
32200 0.00000000017736118130
32300 0.00000000022926166521
32400 0.00000000041054004640
32500 0.00000000026993990376
32600 0.00000000019284412955
32700 0.00000000055771376406
32800 0.00000000022512397502
32900 0.00000000005066691511
33000 0.00000000036330966013
33100 0.00000000029311914007
33200 0.00000000013870843363
33300 0.00000000015966183931
33400 0.00000000016072726483
33500 0.00000000044616871309
33600 0.00000000008209644076
33700 0.00000000005019074045
33800 0.00000000012565043450
33900 0.00000000003065414589
34000 0.00000000031143609913
34100 0.00000000008903672244
34200 0.00000000015472345627
34300 0.00000000002590455628
34400 0.00000000035077507565
34500 0.00000000010518075300
34600 0.00000000021217644308
34700 0.00000000004187689084
34800 0.00000000034533337301
34900 0.00000000028595414925
35000 0.00000000017802026520
35100 0.00000000000007627232
35200 0.00000000044191977855
35300 0.00000000024592539116
35400 0.00000000012758682999
35500 0.00000000046848730451
35600 0.00000000027818364279
35700 0.00000000010481682189
35800 0.00000000016547335724
35900 0.00000000052286458496
36000 0.00000000015350898330
