100 0.009986
200 0.009026
300 0.009705
400 0.009807
500 0.009443
600 0.009263
700 0.008991
800 0.008495
900 0.008275
1000 0.008102
1100 0.008124
1200 0.008316
1300 0.008307
1400 0.008194
1500 0.007988
1600 0.007794
1700 0.007802
1800 0.007765
1900 0.007854
2000 0.007918
2100 0.007896
2200 0.007889
2300 0.007972
2400 0.007973
2500 0.007910
2600 0.008003
2700 0.008001
2800 0.008003
2900 0.008002
3000 0.008091
3100 0.008077
3200 0.007994
3300 0.007985
3400 0.007935
3500 0.007992
3600 0.007934
3700 0.007808
3800 0.007784
3900 0.007741
4000 0.007749
4100 0.007765
4200 0.007803
4300 0.007797
4400 0.007704
4500 0.007705
4600 0.007720
4700 0.007740
4800 0.007752
4900 0.007757
5000 0.007811
5100 0.007859
5200 0.007858
5300 0.007829
5400 0.007803
5500 0.007783
5600 0.007764
5700 0.007722
5800 0.007710
5900 0.007669
6000 0.007658
6100 0.007697
6200 0.007692
6300 0.007710
6400 0.007741
6500 0.007754
6600 0.007768
6700 0.007772
6800 0.007777
6900 0.007735
7000 0.007697
7100 0.007711
7200 0.007684
7300 0.007672
7400 0.007694
7500 0.007703
7600 0.007687
7700 0.007689
7800 0.007712
7900 0.007711
8000 0.007725
8100 0.007716
8200 0.007731
8300 0.007751
8400 0.007781
8500 0.007813
8600 0.007833
8700 0.007871
8800 0.007878
8900 0.007881
9000 0.007887
9100 0.007872
9200 0.007861
9300 0.007881
9400 0.007902
9500 0.007925
9600 0.007951
9700 0.007972
9800 0.007975
9900 0.007977
10000 0.007985
10100 0.007996
10200 0.007985
10300 0.007981
10400 0.007967
10500 0.007970
10600 0.007981
10700 0.007980
10800 0.008005
10900 0.008008
11000 0.008002
11100 0.007991
11200 0.007955
11300 0.007958
11400 0.007967
11500 0.007986
11600 0.007982
11700 0.007984
11800 0.007990
11900 0.007989
12000 0.007988
12100 0.008015
12200 0.008023
12300 0.008041
12400 0.008052
12500 0.008048
12600 0.008042
12700 0.008043
12800 0.008035
12900 0.008032
13000 0.008038
13100 0.008043
13200 0.008051
13300 0.008058
13400 0.008057
13500 0.008036
13600 0.008017
13700 0.008013
13800 0.008023
13900 0.008026
14000 0.008033
14100 0.008050
14200 0.008064
14300 0.008055
14400 0.008058
14500 0.008067
14600 0.008086
14700 0.008087
14800 0.008098
14900 0.008109
15000 0.008122
15100 0.008139
15200 0.008153
15300 0.008163
15400 0.008173
15500 0.008178
15600 0.008198
15700 0.008207
15800 0.008211
15900 0.008217
16000 0.008212
16100 0.008207
16200 0.008196
16300 0.008198
16400 0.008187
16500 0.008180
16600 0.008186
16700 0.008195
16800 0.008209
16900 0.008201
17000 0.008198
17100 0.008208
17200 0.008204
17300 0.008196
17400 0.008192
17500 0.008180
17600 0.008182
17700 0.008183
17800 0.008191
17900 0.008198
18000 0.008198
18100 0.008201
18200 0.008201
18300 0.008214
18400 0.008214
18500 0.008212
18600 0.008221
18700 0.008218
18800 0.008218
18900 0.008211
19000 0.008209
19100 0.008214
19200 0.008220
19300 0.008216
19400 0.008220
19500 0.008213
19600 0.008216
19700 0.008209
19800 0.008211
19900 0.008219
20000 0.008213
20100 0.008209
20200 0.008213
20300 0.008207
20400 0.008209
20500 0.008215
20600 0.008219
20700 0.008228
20800 0.008239
20900 0.008246
21000 0.008255
21100 0.008252
21200 0.008243
21300 0.008243
21400 0.008242
21500 0.008238
21600 0.008239
21700 0.008227
21800 0.008213
21900 0.008224
22000 0.008218
22100 0.008210
22200 0.008195
22300 0.008192
22400 0.008195
22500 0.008197
22600 0.008203
22700 0.008200
22800 0.008189
22900 0.008189
23000 0.008193
23100 0.008206
23200 0.008216
23300 0.008221
23400 0.008216
23500 0.008227
23600 0.008235
23700 0.008235
23800 0.008239
23900 0.008238
24000 0.008231
24100 0.008232
24200 0.008226
24300 0.008224
24400 0.008223
24500 0.008228
24600 0.008236
24700 0.008249
24800 0.008258
24900 0.008262
25000 0.008265
25100 0.008259
25200 0.008260
25300 0.008266
25400 0.008274
25500 0.008282
25600 0.008291
25700 0.008288
25800 0.008288
25900 0.008284
26000 0.008275
26100 0.008284
26200 0.008284
26300 0.008282
26400 0.008284
26500 0.008289
26600 0.008291
26700 0.008302
26800 0.008308
26900 0.008312
27000 0.008312
27100 0.008304
27200 0.008306
27300 0.008308
27400 0.008310
27500 0.008312
27600 0.008318
27700 0.008324
27800 0.008327
27900 0.008335
28000 0.008340
28100 0.008347
28200 0.008341
28300 0.008334
28400 0.008335
28500 0.008336
28600 0.008338
28700 0.008330
28800 0.008319
28900 0.008319
29000 0.008324
29100 0.008320
29200 0.008326
29300 0.008320
29400 0.008312
29500 0.008302
29600 0.008306
29700 0.008306
29800 0.008313
29900 0.008313
30000 0.008310
30100 0.008311
30200 0.008301
30300 0.008303
30400 0.008300
30500 0.008302
30600 0.008305
30700 0.008302
30800 0.008303
30900 0.008298
31000 0.008297
31100 0.008296
31200 0.008296
31300 0.008301
31400 0.008290
31500 0.008285
31600 0.008287
31700 0.008291
31800 0.008288
31900 0.008288
32000 0.008291
32100 0.008294
32200 0.008289
32300 0.008288
32400 0.008289
32500 0.008291
32600 0.008288
32700 0.008286
32800 0.008287
32900 0.008289
33000 0.008288
33100 0.008286
33200 0.008288
33300 0.008291
33400 0.008285
33500 0.008288
33600 0.008291
33700 0.008289
33800 0.008285
33900 0.008284
34000 0.008284
34100 0.008288
34200 0.008293
34300 0.008294
34400 0.008296
34500 0.008295
34600 0.008298
34700 0.008305
34800 0.008308
34900 0.008306
35000 0.008306
35100 0.008311
35200 0.008318
35300 0.008321
35400 0.008328
35500 0.008331
35600 0.008334
35700 0.008338
35800 0.008342
35900 0.008344
36000 0.008340
