100 0.002326
200 0.002326
300 0.002326
400 0.002326
500 0.002326
600 0.002326
700 0.002326
800 0.002326
900 0.002326
1000 0.002326
1100 0.002326
1200 0.002326
1300 0.002326
1400 0.002326
1500 0.002326
1600 0.002326
1700 0.002326
1800 0.002326
1900 0.002326
2000 0.002326
2100 0.002326
2200 0.002326
2300 0.002326
2400 0.002326
2500 0.002326
2600 0.002326
2700 0.002326
2800 0.002326
2900 0.002326
3000 0.002326
3100 0.002326
3200 0.002326
3300 0.002326
3400 0.002326
3500 0.002326
3600 0.002326
3700 0.002326
3800 0.002326
3900 0.002326
4000 0.002326
4100 0.002326
4200 0.002326
4300 0.002326
4400 0.002326
4500 0.002326
4600 0.002326
4700 0.002326
4800 0.002326
4900 0.002326
5000 0.002326
5100 0.002326
5200 0.002326
5300 0.002326
5400 0.002326
5500 0.002326
5600 0.002326
5700 0.002326
5800 0.002326
5900 0.002326
6000 0.002326
6100 0.002326
6200 0.002326
6300 0.002326
6400 0.002326
6500 0.002326
6600 0.002326
6700 0.002326
6800 0.002326
6900 0.002326
7000 0.002326
7100 0.002326
7200 0.002326
7300 0.002326
7400 0.002326
7500 0.002326
7600 0.002326
7700 0.002326
7800 0.002326
7900 0.002326
8000 0.002326
8100 0.002326
8200 0.002326
8300 0.002326
8400 0.002326
8500 0.002326
8600 0.002326
8700 0.002326
8800 0.002326
8900 0.002326
9000 0.002326
9100 0.002326
9200 0.002326
9300 0.002326
9400 0.002326
9500 0.002326
9600 0.002326
9700 0.002326
9800 0.002326
9900 0.002326
10000 0.002326
10100 0.002326
10200 0.002326
10300 0.002326
10400 0.002326
10500 0.002326
10600 0.002326
10700 0.002326
10800 0.002326
10900 0.002326
11000 0.002326
11100 0.002326
11200 0.002326
11300 0.002326
11400 0.002326
11500 0.002326
11600 0.002326
11700 0.002326
11800 0.002326
11900 0.002326
12000 0.002326
12100 0.002326
12200 0.002326
12300 0.002326
12400 0.002326
12500 0.002326
12600 0.002326
12700 0.002326
12800 0.002326
12900 0.002326
13000 0.002326
13100 0.002326
13200 0.002326
13300 0.002326
13400 0.002326
13500 0.002326
13600 0.002326
13700 0.002326
13800 0.002326
13900 0.002326
14000 0.002326
14100 0.002326
14200 0.002326
14300 0.002326
14400 0.002326
14500 0.002326
14600 0.002326
14700 0.002326
14800 0.002326
14900 0.002326
15000 0.002326
15100 0.002326
15200 0.002326
15300 0.002326
15400 0.002326
15500 0.002326
15600 0.002326
15700 0.002326
15800 0.002326
15900 0.002326
16000 0.002326
16100 0.002326
16200 0.002326
16300 0.002326
16400 0.002326
16500 0.002326
16600 0.002326
16700 0.002326
16800 0.002326
16900 0.002326
17000 0.002326
17100 0.002326
17200 0.002326
17300 0.002326
17400 0.002326
17500 0.002326
17600 0.002326
17700 0.002326
17800 0.002326
17900 0.002326
18000 0.002326
18100 0.002326
18200 0.002326
18300 0.002326
18400 0.002326
18500 0.002326
18600 0.002326
18700 0.002326
18800 0.002326
18900 0.002326
19000 0.002326
19100 0.002326
19200 0.002326
19300 0.002326
19400 0.002326
19500 0.002326
19600 0.002326
19700 0.002326
19800 0.002326
19900 0.002326
20000 0.002326
20100 0.002326
20200 0.002326
20300 0.002326
20400 0.002326
20500 0.002326
20600 0.002326
20700 0.002326
20800 0.002326
20900 0.002326
21000 0.002326
21100 0.002326
21200 0.002326
21300 0.002326
21400 0.002326
21500 0.002326
21600 0.002326
21700 0.002326
21800 0.002326
21900 0.002326
22000 0.002326
22100 0.002326
22200 0.002326
22300 0.002326
22400 0.002326
22500 0.002326
22600 0.002326
22700 0.002326
22800 0.002326
22900 0.002326
23000 0.002326
23100 0.002326
23200 0.002326
23300 0.002326
23400 0.002326
23500 0.002326
23600 0.002326
23700 0.002326
23800 0.002326
23900 0.002326
24000 0.002326
24100 0.002326
24200 0.002326
24300 0.002326
24400 0.002326
24500 0.002326
24600 0.002326
24700 0.002326
24800 0.002326
24900 0.002326
25000 0.002326
25100 0.002326
25200 0.002326
25300 0.002326
25400 0.002326
25500 0.002326
25600 0.002326
25700 0.002326
25800 0.002326
25900 0.002326
26000 0.002326
26100 0.002326
26200 0.002326
26300 0.002326
26400 0.002326
26500 0.002326
26600 0.002326
26700 0.002326
26800 0.002326
26900 0.002326
27000 0.002326
27100 0.002326
27200 0.002326
27300 0.002326
27400 0.002326
27500 0.002326
27600 0.002326
27700 0.002326
27800 0.002326
27900 0.002326
28000 0.002326
28100 0.002326
28200 0.002326
28300 0.002326
28400 0.002326
28500 0.002326
28600 0.002326
28700 0.002326
28800 0.002326
28900 0.002326
29000 0.002326
29100 0.002326
29200 0.002326
29300 0.002326
29400 0.002326
29500 0.002326
29600 0.002326
29700 0.002326
29800 0.002326
29900 0.002326
30000 0.002326
30100 0.002326
30200 0.002326
30300 0.002326
30400 0.002326
30500 0.002326
30600 0.002326
30700 0.002326
30800 0.002326
30900 0.002326
31000 0.002326
31100 0.002326
31200 0.002326
31300 0.002326
31400 0.002326
31500 0.002326
31600 0.002326
31700 0.002326
31800 0.002326
31900 0.002326
32000 0.002326
32100 0.002326
32200 0.002326
32300 0.002326
32400 0.002326
32500 0.002326
32600 0.002326
32700 0.002326
32800 0.002326
32900 0.002326
33000 0.002326
33100 0.002326
33200 0.002326
33300 0.002326
33400 0.002326
33500 0.002326
33600 0.002326
33700 0.002326
33800 0.002326
33900 0.002326
34000 0.002326
34100 0.002326
34200 0.002326
34300 0.002326
34400 0.002326
34500 0.002326
34600 0.002326
34700 0.002326
34800 0.002326
34900 0.002326
35000 0.002326
35100 0.002326
35200 0.002326
35300 0.002326
35400 0.002326
35500 0.002326
35600 0.002326
35700 0.002326
35800 0.002326
35900 0.002326
36000 0.002326
