100 0.853431
200 0.899254
300 0.876057
400 0.873761
500 0.899100
600 0.911237
700 0.936630
800 0.973662
900 0.995625
1000 1.009679
1100 1.005072
1200 0.986506
1300 0.988927
1400 1.003477
1500 1.024537
1600 1.043907
1700 1.041183
1800 1.043462
1900 1.036865
2000 1.030551
2100 1.033423
2200 1.035607
2300 1.027925
2400 1.027826
2500 1.037283
2600 1.028152
2700 1.028872
2800 1.026923
2900 1.026608
3000 1.018863
3100 1.021376
3200 1.029817
3300 1.030703
3400 1.036194
3500 1.030669
3600 1.036955
3700 1.050114
3800 1.053031
3900 1.056854
4000 1.056103
4100 1.054168
4200 1.051032
4300 1.052119
4400 1.064368
4500 1.065158
4600 1.064254
4700 1.060897
4800 1.060422
4900 1.058879
5000 1.053885
5100 1.048298
5200 1.048037
5300 1.051569
5400 1.055254
5500 1.057676
5600 1.059257
5700 1.064321
5800 1.065901
5900 1.069455
6000 1.070860
6100 1.065387
6200 1.066412
6300 1.064997
6400 1.061469
6500 1.060156
6600 1.058284
6700 1.057470
6800 1.056519
6900 1.061565
7000 1.066747
7100 1.065605
7200 1.068942
7300 1.069868
7400 1.066801
7500 1.064687
7600 1.066110
7700 1.065120
7800 1.062870
7900 1.062867
8000 1.061182
8100 1.062138
8200 1.060927
8300 1.057997
8400 1.055332
8500 1.051183
8600 1.049289
8700 1.045144
8800 1.043914
8900 1.044401
9000 1.043584
9100 1.044847
9200 1.045964
9300 1.043367
9400 1.040566
9500 1.037898
9600 1.035065
9700 1.032488
9800 1.031991
9900 1.031432
10000 1.030719
10100 1.029436
10200 1.030313
10300 1.030432
10400 1.032381
10500 1.032071
10600 1.030466
10700 1.030369
10800 1.027967
10900 1.027834
11000 1.028310
11100 1.029039
11200 1.032304
11300 1.032061
11400 1.030830
11500 1.028599
11600 1.029114
11700 1.028802
11800 1.027973
11900 1.028529
12000 1.028441
12100 1.026206
12200 1.025275
12300 1.023518
12400 1.022047
12500 1.022069
12600 1.022387
12700 1.022144
12800 1.022758
12900 1.023042
13000 1.022288
13100 1.022439
13200 1.022500
13300 1.021252
13400 1.021280
13500 1.023984
13600 1.026032
13700 1.026003
13800 1.025365
13900 1.024846
14000 1.023728
14100 1.022567
14200 1.021020
14300 1.021412
14400 1.021181
14500 1.020086
14600 1.018039
14700 1.018072
14800 1.017019
14900 1.015854
15000 1.014931
15100 1.013567
15200 1.012332
15300 1.011306
15400 1.010822
15500 1.010265
15600 1.008201
15700 1.007000
15800 1.006519
15900 1.005743
16000 1.006009
16100 1.006317
16200 1.007078
16300 1.006801
16400 1.007785
16500 1.008244
16600 1.007712
16700 1.006835
16800 1.005854
16900 1.007047
17000 1.007500
17100 1.006647
17200 1.006788
17300 1.007478
17400 1.007731
17500 1.009169
17600 1.008983
17700 1.009132
17800 1.008215
17900 1.007638
18000 1.007395
18100 1.007193
18200 1.007106
18300 1.005970
18400 1.005837
18500 1.005835
18600 1.004782
18700 1.005196
18800 1.004893
18900 1.005459
19000 1.005671
19100 1.005182
19200 1.004268
19300 1.004689
19400 1.004418
19500 1.005385
19600 1.004844
19700 1.005515
19800 1.005164
19900 1.004322
20000 1.004805
20100 1.004726
20200 1.004301
20300 1.004891
20400 1.004636
20500 1.004202
20600 1.004236
20700 1.003301
20800 1.002114
20900 1.001226
21000 1.000275
21100 1.000561
21200 1.001539
21300 1.001504
21400 1.001531
21500 1.001721
21600 1.001540
21700 1.003027
21800 1.004355
21900 1.003601
22000 1.004298
22100 1.005203
22200 1.006903
22300 1.007217
22400 1.006703
22500 1.006463
22600 1.005798
22700 1.006347
22800 1.007656
22900 1.007476
23000 1.007048
23100 1.005691
23200 1.004949
23300 1.004349
23400 1.004625
23500 1.003562
23600 1.003106
23700 1.003177
23800 1.002615
23900 1.002612
24000 1.003275
24100 1.003118
24200 1.003751
24300 1.004008
24400 1.004432
24500 1.003971
24600 1.003329
24700 1.002152
24800 1.001234
24900 1.000717
25000 1.000554
25100 1.001240
25200 1.001002
25300 1.000527
25400 0.999836
25500 0.998903
25600 0.998194
25700 0.998180
25800 0.997951
25900 0.998316
26000 0.999453
26100 0.998579
26200 0.998438
26300 0.998483
26400 0.998614
26500 0.998291
26600 0.998145
26700 0.997197
26800 0.996478
26900 0.996175
27000 0.996092
27100 0.996650
27200 0.996569
27300 0.996438
27400 0.996064
27500 0.995819
27600 0.995321
27700 0.994714
27800 0.994370
27900 0.993520
28000 0.993100
28100 0.992431
28200 0.993090
28300 0.993787
28400 0.993682
28500 0.993790
28600 0.993575
28700 0.994473
28800 0.995404
28900 0.995456
29000 0.995086
29100 0.995561
29200 0.995040
29300 0.995728
29400 0.996603
29500 0.997479
29600 0.997225
29700 0.997122
29800 0.996309
29900 0.996333
30000 0.996376
30100 0.996353
30200 0.997182
30300 0.996948
30400 0.997252
30500 0.997096
30600 0.996752
30700 0.996964
30800 0.996794
30900 0.997354
31000 0.997723
31100 0.997805
31200 0.997920
31300 0.997346
31400 0.998454
31500 0.999010
31600 0.998889
31700 0.998537
31800 0.998992
31900 0.998943
32000 0.998785
32100 0.998747
32200 0.999253
32300 0.999493
32400 0.999256
32500 0.999185
32600 0.999576
32700 0.999697
32800 0.999431
32900 0.999130
33000 0.999427
33100 0.999598
33200 0.999409
33300 0.999348
33400 0.999847
33500 0.999551
33600 0.999071
33700 0.999153
33800 0.999567
33900 0.999571
34000 0.999564
34100 0.999193
34200 0.998921
34300 0.998731
34400 0.998520
34500 0.998574
34600 0.998271
34700 0.997726
34800 0.997470
34900 0.997770
35000 0.997688
35100 0.997377
35200 0.996648
35300 0.996577
35400 0.996007
35500 0.995585
35600 0.995238
35700 0.995087
35800 0.994601
35900 0.994347
36000 0.994657
