100 5.890261
200 9.710197
300 22.184505
400 25.822053
500 23.764228
600 21.200444
700 19.957322
800 19.406175
900 20.411887
1000 19.485225
1100 18.902155
1200 19.273239
1300 18.488140
1400 18.460106
1500 18.138771
1600 17.767070
1700 18.280493
1800 17.902143
1900 17.514095
2000 18.952273
2100 20.356341
2200 20.072003
2300 19.313687
2400 19.449392
2500 19.577768
2600 19.588390
2700 19.450811
2800 20.227643
2900 20.130387
3000 19.614372
3100 19.228135
3200 18.860414
3300 18.653015
3400 18.528667
3500 18.168764
3600 18.117321
3700 18.188208
3800 18.135927
3900 17.968876
4000 17.807252
4100 17.583305
4200 17.445734
4300 17.499572
4400 17.204691
4500 17.050786
4600 16.850738
4700 17.184503
4800 17.405529
4900 17.166236
5000 17.072450
5100 16.900411
5200 16.836701
5300 16.999740
5400 16.833477
5500 16.758541
5600 16.682412
5700 16.489775
5800 16.346773
5900 16.220932
6000 16.140204
6100 16.021254
6200 16.050320
6300 16.055439
6400 16.007654
6500 15.826673
6600 15.881893
6700 15.829440
6800 15.720517
6900 15.772487
7000 15.727658
7100 15.842524
7200 15.715478
7300 15.570226
7400 15.419474
7500 15.307117
7600 15.240452
7700 15.112800
7800 15.009216
7900 14.929145
8000 15.266619
8100 15.325277
8200 15.344215
8300 15.244204
8400 15.128410
8500 15.098377
8600 15.007301
8700 14.997510
8800 15.147773
8900 15.442898
9000 15.521579
9100 15.517647
9200 15.467821
9300 15.523461
9400 15.589838
9500 15.535294
9600 15.557831
9700 15.470224
9800 15.391480
9900 15.372319
10000 15.352235
10100 15.448358
10200 15.387531
10300 15.334185
10400 15.318833
10500 15.449598
10600 15.633532
10700 15.749100
10800 15.691031
10900 15.628361
11000 15.569079
11100 15.524864
11200 15.473851
11300 15.579504
11400 15.698534
11500 15.812433
11600 16.186714
11700 16.835260
11800 16.907659
11900 16.804365
12000 16.704178
12100 16.632238
12200 16.834986
12300 16.822222
12400 16.742026
12500 16.836430
12600 16.991162
12700 17.037111
12800 17.009943
12900 17.128511
13000 17.137955
13100 17.141947
13200 17.079847
13300 17.062820
13400 17.028637
13500 16.952489
13600 16.881557
13700 16.792482
13800 16.807111
13900 16.894995
14000 16.804649
14100 16.769322
14200 16.720954
14300 16.658934
14400 16.668747
14500 16.643888
14600 16.654602
14700 16.606461
14800 16.543347
14900 16.473400
15000 16.411395
15100 16.384180
15200 16.426905
15300 16.402212
15400 16.415331
15500 16.401324
15600 16.353749
15700 16.352089
15800 16.285066
15900 16.265566
16000 16.236538
16100 16.244099
16200 16.201714
16300 16.146460
16400 16.083273
16500 16.030935
16600 15.967907
16700 15.901937
16800 15.859757
16900 15.810324
17000 15.863452
17100 15.810452
17200 15.886568
17300 15.887678
17400 15.832054
17500 15.796058
17600 15.814120
17700 15.748667
17800 15.719896
17900 15.860667
18000 15.957475
18100 15.913743
18200 15.872768
18300 15.817010
18400 15.782707
18500 15.771638
18600 15.725241
18700 15.729665
18800 15.843554
18900 15.873794
19000 15.879703
19100 15.924790
19200 16.137791
19300 16.349397
19400 16.430171
19500 16.393367
19600 16.380877
19700 16.432397
19800 16.409154
19900 16.427522
20000 16.366618
20100 16.368176
20200 16.309190
20300 16.265021
20400 16.223669
20500 16.255827
20600 16.354281
20700 16.448949
20800 16.578898
20900 16.657592
21000 16.643393
21100 16.679543
21200 16.642744
21300 16.597114
21400 16.594042
21500 16.557851
21600 16.508937
21700 16.486215
21800 16.434241
21900 16.387419
22000 16.422866
22100 16.478281
22200 16.442444
22300 16.409332
22400 16.387833
22500 16.352577
22600 16.314133
22700 16.362614
22800 16.326317
22900 16.302778
23000 16.274291
23100 16.225011
23200 16.293676
23300 16.300912
23400 16.295786
23500 16.356979
23600 16.304128
23700 16.358155
23800 16.422701
23900 16.491844
24000 16.444172
24100 16.406626
24200 16.388538
24300 16.349772
24400 16.299345
24500 16.294021
24600 16.263977
24700 16.292805
24800 16.256000
24900 16.237502
25000 16.210843
25100 16.187464
25200 16.195696
25300 16.149349
25400 16.171057
25500 16.158526
25600 16.155364
25700 16.103812
25800 16.084256
25900 16.073804
26000 16.034901
26100 15.990222
26200 15.963994
26300 16.009046
26400 15.984588
26500 15.973907
26600 16.006879
26700 16.023093
26800 16.049332
26900 16.025838
27000 16.001954
27100 15.977518
27200 15.945646
27300 15.957786
27400 16.014361
27500 16.009134
27600 16.067222
27700 16.163612
27800 16.122733
27900 16.084805
28000 16.062422
28100 16.041676
28200 16.023703
28300 16.002329
28400 15.975677
28500 15.942523
28600 15.929303
28700 15.888863
28800 15.887151
28900 15.999611
29000 16.195714
29100 16.422724
29200 16.699569
29300 16.981949
29400 17.342282
29500 17.593213
29600 17.742253
29700 17.824875
29800 17.780403
29900 17.763806
30000 17.724413
30100 17.699162
30200 17.656475
30300 17.632524
30400 17.592449
30500 17.569456
30600 17.528194
30700 17.491865
30800 17.452836
30900 17.439192
31000 17.414021
31100 17.381608
31200 17.382036
31300 17.358730
31400 17.348593
31500 17.318000
31600 17.318128
31700 17.284112
31800 17.249844
31900 17.223101
32000 17.187778
32100 17.150927
32200 17.133157
32300 17.113651
32400 17.165751
32500 17.242502
32600 17.274636
32700 17.250190
32800 17.223722
32900 17.206085
33000 17.192844
33100 17.157486
33200 17.126243
33300 17.126001
33400 17.102472
33500 17.068022
33600 17.054978
33700 17.043339
33800 17.020698
33900 16.987363
34000 17.048508
34100 17.059541
34200 17.061147
34300 17.217138
34400 17.342975
34500 17.379814
34600 17.403483
34700 17.388324
34800 17.360582
34900 17.326559
35000 17.327382
35100 17.395062
35200 17.409923
35300 17.374630
35400 17.343811
35500 17.307252
35600 17.292267
35700 17.335978
35800 17.397241
35900 17.384839
36000 17.379990
