100 0.00000000000001154632
200 0.00000000000008881784
300 0.00000000000130384592
400 0.00000000000194333438
500 0.00000000000387245791
600 0.00000000000206412665
700 0.00000000000148503432
800 0.00000000000505195885
900 0.00000000000488142859
1000 0.00000000000619593266
1100 0.00000000000140687462
1200 0.00000000000282085466
1300 0.00000000000612132567
1400 0.00000000000635935749
1500 0.00000000000198241423
1600 0.00000000000840216785
1700 0.00000000000159516844
1800 0.00000000000227373675
1900 0.00000000000597566441
2000 0.00000000000493116659
2100 0.00000000000157740487
2200 0.00000000000573052716
2300 0.00000000000397193389
2400 0.00000000001044853093
2500 0.00000000001135092020
2600 0.00000000000431654712
2700 0.00000000000508393327
2800 0.00000000000575184345
2900 0.00000000002952660338
3000 0.00000000001458388965
3100 0.00000000001849898013
3200 0.00000000000350652840
3300 0.00000000000071764816
3400 0.00000000000390798505
3500 0.00000000000824584845
3600 0.00000000000532907052
3700 0.00000000000725464133
3800 0.00000000001711697450
3900 0.00000000002848210556
4000 0.00000000003863220854
4100 0.00000000002758682172
4200 0.00000000003988986919
4300 0.00000000005511324730
4400 0.00000000005243805390
4500 0.00000000006884093295
4600 0.00000000010615508472
4700 0.00000000007392486623
4800 0.00000000005435651929
4900 0.00000000004098410500
5000 0.00000000004481393034
5100 0.00000000003160494089
5200 0.00000000002865618853
5300 0.00000000001699618224
5400 0.00000000003617017796
5500 0.00000000004337863402
5600 0.00000000001308109177
5700 0.00000000004435918299
5800 0.00000000006206946068
5900 0.00000000004879296966
6000 0.00000000004019895528
6100 0.00000000005208988796
6200 0.00000000006019718057
6300 0.00000000002610178740
6400 0.00000000002837907687
6500 0.00000000002641620256
6600 0.00000000000431654712
6700 0.00000000001348432477
6800 0.00000000001578470687
6900 0.00000000000047428728
7000 0.00000000001220890056
7100 0.00000000001338840150
7200 0.00000000001964828300
7300 0.00000000002028954782
7400 0.00000000005992895069
7500 0.00000000013046808078
7600 0.00000000015602097392
7700 0.00000000014493295453
7800 0.00000000012639489455
7900 0.00000000013496759266
8000 0.00000000003640643342
8100 0.00000000004659206354
8200 0.00000000004338218673
8300 0.00000000004431477407
8400 0.00000000005323208541
8500 0.00000000005925038238
8600 0.00000000000757793828
8700 0.00000000003615063804
8800 0.00000000000604316597
8900 0.00000000002691180612
9000 0.00000000007184297601
9100 0.00000000011192291538
9200 0.00000000013916512387
9300 0.00000000012738787802
9400 0.00000000010966161312
9500 0.00000000010509815240
9600 0.00000000011602452332
9700 0.00000000013537082566
9800 0.00000000017395862528
9900 0.00000000018680523795
10000 0.00000000019525536743
10100 0.00000000018494183962
10200 0.00000000018200019269
10300 0.00000000015430146050
10400 0.00000000010687095653
10500 0.00000000015197088032
10600 0.00000000022697932422
10700 0.00000000029038282889
10800 0.00000000026366642203
10900 0.00000000020030910264
11000 0.00000000015535306375
11100 0.00000000021975843367
11200 0.00000000013209877636
11300 0.00000000018238033306
11400 0.00000000019888979352
11500 0.00000000017593926316
11600 0.00000000009301714954
11700 0.00000000003982236763
11800 0.00000000002510347485
11900 0.00000000003292299766
12000 0.00000000001273647854
12100 0.00000000000646593890
12200 0.00000000000919797571
12300 0.00000000000713029635
12400 0.00000000000623501251
12500 0.00000000001326938559
12600 0.00000000001665512173
12700 0.00000000008976286381
12800 0.00000000004395417363
12900 0.00000000006880895853
13000 0.00000000006193801028
13100 0.00000000005701750183
13200 0.00000000002498623530
13300 0.00000000007949552128
13400 0.00000000001083222401
13500 0.00000000005814726478
13600 0.00000000006070166592
13700 0.00000000000451905180
13800 0.00000000009859846273
13900 0.00000000011955236801
14000 0.00000000005729106078
14100 0.00000000008346745517
14200 0.00000000009708145399
14300 0.00000000012112977288
14400 0.00000000007706546512
14500 0.00000000007622347198
14600 0.00000000000897770747
14700 0.00000000000436983782
14800 0.00000000000285282908
14900 0.00000000020356694108
15000 0.00000000020322588057
15100 0.00000000011096545904
15200 0.00000000000919087029
15300 0.00000000002326316917
15400 0.00000000001371702751
15500 0.00000000003472067078
15600 0.00000000017329426782
15700 0.00000000021503510084
15800 0.00000000012522249904
15900 0.00000000009841727433
16000 0.00000000017208989789
16100 0.00000000024638424634
16200 0.00000000033229596852
16300 0.00000000034027536344
16400 0.00000000030793501082
16500 0.00000000025836754958
16600 0.00000000025993074360
16700 0.00000000033148239709
16800 0.00000000043087844404
16900 0.00000000043733017208
17000 0.00000000049173642935
17100 0.00000000043434411623
17200 0.00000000041434766729
17300 0.00000000034248159864
17400 0.00000000037909053674
17500 0.00000000042165915204
17600 0.00000000051571547033
17700 0.00000000057603699588
17800 0.00000000060085980635
17900 0.00000000053201532069
18000 0.00000000042269832079
18100 0.00000000034507863234
18200 0.00000000031739588735
18300 0.00000000022938451139
18400 0.00000000023299584484
18500 0.00000000021724133603
18600 0.00000000022084556406
18700 0.00000000015314505220
18800 0.00000000020480506180
18900 0.00000000014725642927
19000 0.00000000007924505496
19100 0.00000000007672973368
19200 0.00000000007761258303
19300 0.00000000008080647262
19400 0.00000000013039169744
19500 0.00000000013276846289
19600 0.00000000016909496026
19700 0.00000000010989253951
19800 0.00000000016938273006
19900 0.00000000025379520707
20000 0.00000000022215473905
20100 0.00000000021081092427
20200 0.00000000021449864107
20300 0.00000000014712497887
20400 0.00000000004979838764
20500 0.00000000011356604546
20600 0.00000000010287593000
20700 0.00000000004949995969
20800 0.00000000000600408612
20900 0.00000000006290790111
21000 0.00000000008976996924
21100 0.00000000010106049331
21200 0.00000000020582646698
21300 0.00000000000202149408
21400 0.00000000021613999479
21500 0.00000000001883648793
21600 0.00000000002319566761
21700 0.00000000010568257380
21800 0.00000000009956124813
21900 0.00000000015491607996
22000 0.00000000019523582750
22100 0.00000000015858248048
22200 0.00000000008815348451
22300 0.00000000013872281102
22400 0.00000000002788880238
22500 0.00000000002359357154
22600 0.00000000006259881502
22700 0.00000000000287769808
22800 0.00000000003275246740
22900 0.00000000003922906444
23000 0.00000000007451816941
23100 0.00000000011949907730
23200 0.00000000016553869386
23300 0.00000000026520297070
23400 0.00000000024475710347
23500 0.00000000027798563451
23600 0.00000000030106406257
23700 0.00000000043007020167
23800 0.00000000040222758457
23900 0.00000000042878767204
24000 0.00000000035593572534
24100 0.00000000035767655504
24200 0.00000000022135537847
24300 0.00000000029603342000
24400 0.00000000031398172951
24500 0.00000000022465229677
24600 0.00000000026521362884
24700 0.00000000014428636064
24800 0.00000000014042456087
24900 0.00000000014584955466
25000 0.00000000003773692470
25100 0.00000000004807532150
25200 0.00000000000269650968
25300 0.00000000002684785727
25400 0.00000000001500666258
25500 0.00000000005493561162
25600 0.00000000002978239877
25700 0.00000000007604228358
25800 0.00000000024918733743
25900 0.00000000046963322120
26000 0.00000000053520565757
26100 0.00000000055161208934
26200 0.00000000063014837792
26300 0.00000000051429438486
26400 0.00000000059272586839
26500 0.00000000067288574712
26600 0.00000000068884631332
26700 0.00000000057167781620
26800 0.00000000059625904214
26900 0.00000000062796701172
27000 0.00000000076953199368
27100 0.00000000081737994151
27200 0.00000000068709660184
27300 0.00000000048909321038
27400 0.00000000047807802162
27500 0.00000000034597036347
27600 0.00000000037691805232
27700 0.00000000042516745680
27800 0.00000000034567193552
27900 0.00000000030210145496
28000 0.00000000023504398428
28100 0.00000000035010927490
28200 0.00000000043985437514
28300 0.00000000052907367376
28400 0.00000000048987836010
28500 0.00000000052541615503
28600 0.00000000054606807964
28700 0.00000000054330051569
28800 0.00000000058861004959
28900 0.00000000063078253731
29000 0.00000000069259442625
29100 0.00000000069145755788
29200 0.00000000076902040291
29300 0.00000000076374107039
29400 0.00000000078848216845
29500 0.00000000076887829437
29600 0.00000000087938900606
29700 0.00000000103110409100
29800 0.00000000114804166174
29900 0.00000000113464437845
30000 0.00000000123739241076
30100 0.00000000134849997835
30200 0.00000000129373844970
30300 0.00000000119000276300
30400 0.00000000102635766552
30500 0.00000000104514441546
30600 0.00000000094979668575
30700 0.00000000090432905608
30800 0.00000000101279695741
30900 0.00000000105699982100
31000 0.00000000136045841259
31100 0.00000000119537801879
31200 0.00000000109238840196
31300 0.00000000086894758056
31400 0.00000000094884455848
31500 0.00000000093611163265
31600 0.00000000092731511359
31700 0.00000000075558403978
31800 0.00000000070961192478
31900 0.00000000077356432371
32000 0.00000000089586649210
32100 0.00000000096293817364
32200 0.00000000060330052065
32300 0.00000000065561067686
32400 0.00000000076202510968
32500 0.00000000074485839718
32600 0.00000000090906482342
32700 0.00000000090058094315
32800 0.00000000088601836978
32900 0.00000000068414607313
33000 0.00000000067691630079
33100 0.00000000078534512227
33200 0.00000000078907547163
33300 0.00000000064615690576
33400 0.00000000066103567065
33500 0.00000000089742968612
33600 0.00000000077857365000
33700 0.00000000070685501896
33800 0.00000000075705486324
33900 0.00000000062223293185
34000 0.00000000040880010488
34100 0.00000000040499870124
34200 0.00000000039356606862
34300 0.00000000067878858090
34400 0.00000000076500228374
34500 0.00000000082121331957
34600 0.00000000090631857574
34700 0.00000000092956042863
34800 0.00000000079931439245
34900 0.00000000070616223979
35000 0.00000000076290973539
35100 0.00000000074124884009
35200 0.00000000085462659172
35300 0.00000000078454220898
35400 0.00000000077234219020
35500 0.00000000096524033211
35600 0.00000000101422514831
35700 0.00000000104240882592
35800 0.00000000087887030986
35900 0.00000000081144690967
36000 0.00000000082250650735
