100 1.199646
200 1.951798
300 4.384290
400 5.090597
500 4.685376
600 4.162391
700 3.956422
800 3.835213
900 4.025131
1000 3.856170
1100 3.736946
1200 3.821528
1300 3.651007
1400 3.640021
1500 3.595633
1600 3.515621
1700 3.624544
1800 3.549665
1900 3.464166
2000 3.721605
2100 4.010161
2200 3.960040
2300 3.823834
2400 3.849459
2500 3.874024
2600 3.873284
2700 3.846004
2800 3.999252
2900 3.974545
3000 3.885316
3100 3.809011
3200 3.737974
3300 3.693888
3400 3.667121
3500 3.598589
3600 3.590551
3700 3.606064
3800 3.593332
3900 3.562353
4000 3.532834
4100 3.495009
4200 3.464074
4300 3.473259
4400 3.420107
4500 3.388770
4600 3.349903
4700 3.409480
4800 3.453763
4900 3.411802
5000 3.391833
5100 3.357174
5200 3.344188
5300 3.378909
5400 3.347725
5500 3.333525
5600 3.317761
5700 3.279887
5800 3.251193
5900 3.225381
6000 3.206982
6100 3.187529
6200 3.189384
6300 3.191936
6400 3.184217
6500 3.153593
6600 3.163437
6700 3.156184
6800 3.136263
6900 3.145199
7000 3.135051
7100 3.157830
7200 3.134476
7300 3.106131
7400 3.078653
7500 3.057673
7600 3.045045
7700 3.022011
7800 2.999690
7900 2.985149
8000 3.049283
8100 3.061276
8200 3.063836
8300 3.044439
8400 3.021797
8500 3.015418
8600 2.999228
8700 2.998399
8800 3.024537
8900 3.083591
9000 3.097913
9100 3.097403
9200 3.087055
9300 3.097631
9400 3.110819
9500 3.101443
9600 3.105743
9700 3.090413
9800 3.075660
9900 3.071423
10000 3.069158
10100 3.085700
10200 3.072446
10300 3.062971
10400 3.057416
10500 3.082639
10600 3.119996
10700 3.142712
10800 3.131248
10900 3.119376
11000 3.108898
11100 3.100559
11200 3.090466
11300 3.111440
11400 3.135306
11500 3.158861
11600 3.230270
11700 3.359185
11800 3.373242
11900 3.354277
12000 3.335277
12100 3.320137
12200 3.360662
12300 3.358383
12400 3.343982
12500 3.362014
12600 3.391557
12700 3.402172
12800 3.396204
12900 3.418494
13000 3.421905
13100 3.421442
13200 3.409203
13300 3.404628
13400 3.396653
13500 3.382230
13600 3.368583
13700 3.351109
13800 3.354034
13900 3.372255
14000 3.355417
14100 3.347928
14200 3.339159
14300 3.327134
14400 3.328202
14500 3.323506
14600 3.326819
14700 3.317456
14800 3.305944
14900 3.293796
15000 3.282454
15100 3.276836
15200 3.284689
15300 3.280228
15400 3.282128
15500 3.279757
15600 3.270666
15700 3.269543
15800 3.256148
15900 3.252418
16000 3.246983
16100 3.247811
16200 3.239743
16300 3.229054
16400 3.217479
16500 3.207353
16600 3.194313
16700 3.180311
16800 3.171121
16900 3.163675
17000 3.174221
17100 3.162904
17200 3.176390
17300 3.177903
17400 3.167321
17500 3.160006
17600 3.162896
17700 3.151229
17800 3.146383
17900 3.174084
18000 3.194796
18100 3.187080
18200 3.179235
18300 3.168700
18400 3.160561
18500 3.158870
18600 3.150468
18700 3.150145
18800 3.172592
18900 3.178290
19000 3.178885
19100 3.186793
19200 3.228769
19300 3.271439
19400 3.287492
19500 3.280457
19600 3.277547
19700 3.288382
19800 3.284186
19900 3.287057
20000 3.275780
20100 3.275689
20200 3.265168
20300 3.257144
20400 3.249768
20500 3.256121
20600 3.275117
20700 3.293417
20800 3.319578
20900 3.334454
21000 3.331471
21100 3.338567
21200 3.332101
21300 3.324011
21400 3.322628
21500 3.315518
21600 3.306288
21700 3.301351
21800 3.290954
21900 3.282220
22000 3.287293
22100 3.298641
22200 3.292137
22300 3.285373
22400 3.281405
22500 3.275115
22600 3.267627
22700 3.277837
22800 3.271405
22900 3.266004
23000 3.260898
23100 3.251364
23200 3.264279
23300 3.265480
23400 3.263956
23500 3.275940
23600 3.265863
23700 3.276110
23800 3.288298
23900 3.302293
24000 3.292813
24100 3.285633
24200 3.282319
24300 3.274590
24400 3.265383
24500 3.263466
24600 3.257934
24700 3.262973
24800 3.255821
24900 3.252386
25000 3.247885
25100 3.242169
25200 3.243593
25300 3.234575
25400 3.238827
25500 3.236172
25600 3.235648
25700 3.226336
25800 3.222347
25900 3.219335
26000 3.211946
26100 3.203297
26200 3.198096
26300 3.207541
26400 3.202303
26500 3.199756
26600 3.206173
26700 3.209162
26800 3.213680
26900 3.208268
27000 3.204331
27100 3.200085
27200 3.193614
27300 3.195584
27400 3.206922
27500 3.205323
27600 3.216171
27700 3.235970
27800 3.228495
27900 3.220655
28000 3.216298
28100 3.213023
28200 3.210068
28300 3.206176
28400 3.200703
28500 3.193951
28600 3.191574
28700 3.183830
28800 3.183510
28900 3.206024
29000 3.244154
29100 3.289202
29200 3.344404
29300 3.400917
29400 3.472519
29500 3.523205
29600 3.553397
29700 3.569807
29800 3.562273
29900 3.558307
30000 3.550753
30100 3.544944
30200 3.536307
30300 3.531890
30400 3.524147
30500 3.519800
30600 3.511629
30700 3.503988
30800 3.496812
30900 3.494465
31000 3.489197
31100 3.482862
31200 3.481943
31300 3.477657
31400 3.475385
31500 3.469923
31600 3.469929
31700 3.464429
31800 3.458081
31900 3.453454
32000 3.446949
32100 3.439873
32200 3.436257
32300 3.432017
32400 3.442031
32500 3.457373
32600 3.463725
32700 3.459029
32800 3.454793
32900 3.451288
33000 3.448475
33100 3.441791
33200 3.436531
33300 3.436200
33400 3.431735
33500 3.425425
33600 3.422833
33700 3.420747
33800 3.416593
33900 3.409602
34000 3.421031
34100 3.423433
34200 3.422517
34300 3.453254
34400 3.478160
34500 3.485905
34600 3.490158
34700 3.487676
34800 3.482102
34900 3.475549
35000 3.475526
35100 3.489331
35200 3.491507
35300 3.484422
35400 3.478589
35500 3.471719
35600 3.469153
35700 3.477619
35800 3.489957
35900 3.487557
36000 3.486691
