100 0.892821
200 0.915265
300 0.943569
400 0.957645
500 0.966101
600 0.961361
700 0.956687
800 0.961422
900 0.965697
1000 0.962324
1100 0.960220
1200 0.962047
1300 0.962179
1400 0.963471
1500 0.962843
1600 0.961089
1700 0.962737
1800 0.962631
1900 0.963748
2000 0.965574
2100 0.967205
2200 0.967564
2300 0.960256
2400 0.961405
2500 0.962945
2600 0.964368
2700 0.963817
2800 0.965114
2900 0.966283
3000 0.963442
3100 0.962879
3200 0.961741
3300 0.961644
3400 0.962552
3500 0.961371
3600 0.960701
3700 0.961007
3800 0.961518
3900 0.960809
4000 0.960389
4100 0.958494
4200 0.957769
4300 0.958750
4400 0.957065
4500 0.956430
4600 0.954844
4700 0.955805
4800 0.956712
4900 0.955035
5000 0.954848
5100 0.954107
5200 0.953481
5300 0.953944
5400 0.952951
5500 0.952832
5600 0.953361
5700 0.951842
5800 0.951330
5900 0.951117
6000 0.951481
6100 0.951121
6200 0.951912
6300 0.952501
6400 0.952324
6500 0.950657
6600 0.951303
6700 0.950211
6800 0.949739
6900 0.949615
7000 0.949605
7100 0.950315
7200 0.949514
7300 0.948953
7400 0.948160
7500 0.947678
7600 0.948298
7700 0.947577
7800 0.947513
7900 0.947048
8000 0.947708
8100 0.948018
8200 0.948650
8300 0.948276
8400 0.947436
8500 0.947729
8600 0.947401
8700 0.947186
8800 0.947738
8900 0.948325
9000 0.948827
9100 0.949125
9200 0.949242
9300 0.949788
9400 0.949883
9500 0.949682
9600 0.949844
9700 0.949763
9800 0.948828
9900 0.949057
10000 0.949201
10100 0.949705
10200 0.949581
10300 0.949547
10400 0.949782
10500 0.950260
10600 0.950730
10700 0.951035
10800 0.951074
10900 0.951055
11000 0.951057
11100 0.950938
11200 0.950394
11300 0.950832
11400 0.951265
11500 0.951687
11600 0.952104
11700 0.952513
11800 0.952837
11900 0.952191
12000 0.951396
12100 0.951356
12200 0.951756
12300 0.951804
12400 0.951616
12500 0.951898
12600 0.952283
12700 0.952410
12800 0.952530
12900 0.952756
13000 0.952846
13100 0.952629
13200 0.952495
13300 0.952515
13400 0.952696
13500 0.951783
13600 0.951796
13700 0.951141
13800 0.951351
13900 0.951701
14000 0.951022
14100 0.951177
14200 0.950983
14300 0.950893
14400 0.951235
14500 0.951202
14600 0.951318
14700 0.951372
14800 0.951297
14900 0.951082
15000 0.950724
15100 0.950453
15200 0.950719
15300 0.950869
15400 0.951126
15500 0.951351
15600 0.951495
15700 0.951735
15800 0.951413
15900 0.951349
16000 0.950816
16100 0.951105
16200 0.950902
16300 0.950745
16400 0.950405
16500 0.950330
16600 0.949920
16700 0.949636
16800 0.949744
16900 0.949492
17000 0.949596
17100 0.949533
17200 0.949827
17300 0.949854
17400 0.949714
17500 0.949844
17600 0.949828
17700 0.949446
17800 0.949575
17900 0.949857
18000 0.950122
18100 0.949902
18200 0.949870
18300 0.949564
18400 0.949601
18500 0.949779
18600 0.949409
18700 0.949464
18800 0.949732
18900 0.949993
19000 0.950093
19100 0.950354
19200 0.950613
19300 0.950869
19400 0.951122
19500 0.951157
19600 0.951252
19700 0.951499
19800 0.951434
19900 0.951572
20000 0.951215
20100 0.951350
20200 0.950675
20300 0.950241
20400 0.950219
20500 0.950335
20600 0.950576
20700 0.950815
20800 0.951051
20900 0.951028
21000 0.951080
21100 0.951294
21200 0.951094
21300 0.950834
21400 0.950971
21500 0.950916
21600 0.950576
21700 0.950610
21800 0.950404
21900 0.950226
22000 0.950435
22100 0.950660
22200 0.950324
22300 0.950265
22400 0.950392
22500 0.950173
22600 0.950083
22700 0.950078
22800 0.949963
22900 0.949849
23000 0.949766
23100 0.949481
23200 0.949699
23300 0.949886
23400 0.949963
23500 0.950176
23600 0.949783
23700 0.949968
23800 0.950178
23900 0.950364
24000 0.950243
24100 0.950223
24200 0.950069
24300 0.949911
24400 0.949531
24500 0.949504
24600 0.949392
24700 0.949585
24800 0.949239
24900 0.949296
25000 0.949297
25100 0.949317
25200 0.949411
25300 0.949097
25400 0.949298
25500 0.949434
25600 0.949362
25700 0.948908
25800 0.948718
25900 0.948765
26000 0.948493
26100 0.948139
26200 0.948123
26300 0.948320
26400 0.948195
26500 0.948073
26600 0.948262
26700 0.948455
26800 0.948647
26900 0.948564
27000 0.948381
27100 0.948494
27200 0.948294
27300 0.948483
27400 0.948671
27500 0.948805
27600 0.948991
27700 0.949175
27800 0.948986
27900 0.948974
28000 0.948830
28100 0.948753
28200 0.948417
28300 0.948315
28400 0.948358
28500 0.948139
28600 0.947992
28700 0.947553
28800 0.947387
28900 0.947570
29000 0.947751
29100 0.947930
29200 0.948108
29300 0.948285
29400 0.948462
29500 0.948636
29600 0.948809
29700 0.948982
29800 0.948543
29900 0.948634
30000 0.948297
30100 0.948317
30200 0.948132
30300 0.947979
30400 0.947836
30500 0.947941
30600 0.947634
30700 0.947683
30800 0.947400
30900 0.947398
31000 0.947473
31100 0.947313
31200 0.947359
31300 0.947289
31400 0.947383
31500 0.947255
31600 0.947309
31700 0.947112
31800 0.946913
31900 0.946774
32000 0.946672
32100 0.946538
32200 0.946607
32300 0.946646
32400 0.946812
32500 0.946975
32600 0.947137
32700 0.947232
32800 0.947118
32900 0.947151
33000 0.947272
33100 0.947098
33200 0.946822
33300 0.946918
33400 0.946947
33500 0.946822
33600 0.946945
33700 0.946912
33800 0.946772
33900 0.946691
34000 0.946846
34100 0.946962
34200 0.947065
34300 0.947219
34400 0.947373
34500 0.947526
34600 0.947677
34700 0.947736
34800 0.947684
34900 0.947583
35000 0.947416
35100 0.947566
35200 0.947715
35300 0.947622
35400 0.947571
35500 0.947380
35600 0.947187
35700 0.947285
35800 0.947432
35900 0.947546
36000 0.947630
