100 0.00000000000653876953
200 0.00000000000509636777
300 0.00000000007005240832
400 0.00000000008044054312
500 0.00000000015507595208
600 0.00000000018502532839
700 0.00000000013961809486
800 0.00000000015918999452
900 0.00000000016118306689
1000 0.00000000036084557564
1100 0.00000000033595171089
1200 0.00000000009547207469
1300 0.00000000065347904865
1400 0.00000000076565598306
1500 0.00000000028959235010
1600 0.00000000050412651831
1700 0.00000000115897336173
1800 0.00000000187626980619
1900 0.00000000184273929449
2000 0.00000000117721299375
2100 0.00000000160297020102
2200 0.00000000122444632211
2300 0.00000000150323486992
2400 0.00000000279495182554
2500 0.00000000413960066226
2600 0.00000000373625752559
2700 0.00000000509862729814
2800 0.00000000459424143173
2900 0.00000000597200155994
3000 0.00000000635304076013
3100 0.00000000732071825382
3200 0.00000000763170504570
3300 0.00000000914496567361
3400 0.00000000824849522019
3500 0.00000000746814876607
3600 0.00000000806201683190
3700 0.00000000819856182943
3800 0.00000000823428436547
3900 0.00000000858372928292
4000 0.00000000772888597567
4100 0.00000000711831660283
4200 0.00000000846854320002
4300 0.00000000843026271014
4400 0.00000000900781316204
4500 0.00000000915127884582
4600 0.00000000814386069692
4700 0.00000000945048483914
4800 0.00000000933340871256
4900 0.00000000929690457951
5000 0.00000001041348340891
5100 0.00000000817093592786
5200 0.00000001039425256977
5300 0.00000000996270443920
5400 0.00000001170623775693
5500 0.00000000978472414204
5600 0.00000001045032504976
5700 0.00000000765331975572
5800 0.00000000930525345666
5900 0.00000000951648004843
6000 0.00000000907227004632
6100 0.00000000890740636805
6200 0.00000000833261637467
6300 0.00000000792515209014
6400 0.00000001007579797374
6500 0.00000000874880967672
6600 0.00000000636893560113
6700 0.00000000757738405355
6800 0.00000000587739279467
6900 0.00000000838067748532
7000 0.00000000910103636897
7100 0.00000000285093904040
7200 0.00000000189288229535
7300 0.00000000178761894176
7400 0.00000000062716765115
7500 0.00000000085312024112
7600 0.00000000265082178430
7700 0.00000000658991794467
7800 0.00000000761981056030
7900 0.00000000803791877502
8000 0.00000000986190329400
8100 0.00000001118777603892
8200 0.00000000785064102615
8300 0.00000000627001384146
8400 0.00000000339069217148
8500 0.00000000389868759498
8600 0.00000000571293057305
8700 0.00000000545219691617
8800 0.00000000649910703032
8900 0.00000000753928830477
9000 0.00000000740381622677
9100 0.00000000708756431322
9200 0.00000000631736440937
9300 0.00000000478320316688
9400 0.00000000546379652633
9500 0.00000000415772660745
9600 0.00000000292114776812
9700 0.00000000244260789373
9800 0.00000000220464002609
9900 0.00000000119158016787
10000 0.00000000506507191744
10100 0.00000000663801102974
10200 0.00000000725042781369
10300 0.00000001045727415772
10400 0.00000000626436857942
10500 0.00000000860651638845
10600 0.00000000588462256701
10700 0.00000001216874068177
10800 0.00000001312807995646
10900 0.00000001239777702722
11000 0.00000000776310926653
11100 0.00000001154215212296
11200 0.00000001197012267085
11300 0.00000001473824440268
11400 0.00000001418472450609
11500 0.00000001170067776002
11600 0.00000001746697009253
11700 0.00000001273277661085
11800 0.00000001502942481579
11900 0.00000001412727712591
12000 0.00000001650516878726
12100 0.00000001774069602334
12200 0.00000002045680247420
12300 0.00000002051432090866
12400 0.00000002337142746001
12500 0.00000002396092568802
12600 0.00000002514943275855
12700 0.00000002531886522661
12800 0.00000002495072948250
12900 0.00000002292725653774
13000 0.00000002231382367768
13100 0.00000002709240121135
13200 0.00000002284508937578
13300 0.00000002653577624301
13400 0.00000002452421909993
13500 0.00000002739649573869
13600 0.00000002107610796998
13700 0.00000000868687521915
13800 0.00000001206007738119
13900 0.00000000960554658036
14000 0.00000000818333134589
14100 0.00000001063352428332
14200 0.00000001535714133638
14300 0.00000001956082940069
14400 0.00000002291493217399
14500 0.00000002949728283852
14600 0.00000002573174029408
14700 0.00000002570054391526
14800 0.00000002498853035604
14900 0.00000002040930269231
15000 0.00000002410010324638
15100 0.00000002406898147456
15200 0.00000002979123081559
15300 0.00000003796145975343
15400 0.00000003766794520743
15500 0.00000004242227547024
15600 0.00000003558903927114
15700 0.00000004791130692183
15800 0.00000004210074777689
15900 0.00000004414892984528
16000 0.00000004336990144793
16100 0.00000003926239244834
16200 0.00000004006221843156
16300 0.00000004257706009980
16400 0.00000004391448626961
16500 0.00000004856429569600
16600 0.00000004481787030386
16700 0.00000004236585837702
16800 0.00000003847849683325
16900 0.00000003465662601343
17000 0.00000002977396462711
17100 0.00000003086513800099
17200 0.00000002866421766612
17300 0.00000002321427672314
17400 0.00000002051954339777
17500 0.00000001686315087568
17600 0.00000001673691585324
17700 0.00000002621819206183
17800 0.00000002463866977109
17900 0.00000002520951269958
18000 0.00000001981291575248
18100 0.00000001941127436567
18200 0.00000002247018926482
18300 0.00000002356371098244
18400 0.00000002714521940561
18500 0.00000002615043470655
18600 0.00000003544700177827
18700 0.00000003693544670114
18800 0.00000003121926894778
18900 0.00000002726813264076
19000 0.00000000982467085464
19100 0.00000000882956641135
19200 0.00000001627152101946
19300 0.00000001931867643634
19400 0.00000000892577745049
19500 0.00000000335223049319
19600 0.00000000868065441750
19700 0.00000000493296781201
19800 0.00000000695909108117
19900 0.00000000169481140233
20000 0.00000000004447997526
20100 0.00000000036891023569
20200 0.00000000982691261697
20300 0.00000000062761884578
20400 0.00000001161176399478
20500 0.00000001031255436601
20600 0.00000001102547386722
20700 0.00000000747758122088
20800 0.00000000512077491521
20900 0.00000000343730377494
21000 0.00000000387958465353
21100 0.00000000126673427303
21200 0.00000000075394268606
21300 0.00000000129263355575
21400 0.00000001127136073364
21500 0.00000000228178365091
21600 0.00000000823620638357
21700 0.00000000109094600020
21800 0.00000000228371987987
21900 0.00000000520800469417
22000 0.00000000084385476384
22100 0.00000000274629741170
22200 0.00000000358785356980
22300 0.00000000668409327886
22400 0.00000000334030758609
22500 0.00000000255912269154
22600 0.00000000045918113756
22700 0.00000001807990912539
22800 0.00000002555167100127
22900 0.00000002736450355201
23000 0.00000002632270934555
23100 0.00000002351297823111
23200 0.00000002247382724363
23300 0.00000001049860287594
23400 0.00000001241555480647
23500 0.00000002123502085283
23600 0.00000002444030400284
23700 0.00000002841193946779
23800 0.00000003048063135225
23900 0.00000003231912160118
24000 0.00000003296520389995
24100 0.00000004300236611243
24200 0.00000004038765766268
24300 0.00000003711005547302
24400 0.00000003925827840590
24500 0.00000003796599301609
24600 0.00000002559148626347
24700 0.00000003270406168099
24800 0.00000002624116746119
24900 0.00000002811007959735
25000 0.00000003632015577182
25100 0.00000003810652060565
25200 0.00000002875772509014
25300 0.00000002974558555024
25400 0.00000003039121310167
25500 0.00000002706662982632
25600 0.00000002119915620824
25700 0.00000002108641439236
25800 0.00000003148466731773
25900 0.00000003168301176970
26000 0.00000003419519245540
26100 0.00000003249454749721
26200 0.00000002814202204604
26300 0.00000002408073740412
26400 0.00000002157629808153
26500 0.00000002413989719230
26600 0.00000002720443603721
26700 0.00000002272354393540
26800 0.00000003240333867893
26900 0.00000002688822320351
27000 0.00000000873039596172
27100 0.00000000579829162461
27200 0.00000002548885191800
27300 0.00000001598312593387
27400 0.00000001380951886176
27500 0.00000001588526643559
27600 0.00000001633505064547
27700 0.00000001579484631975
27800 0.00000003903345913159
27900 0.00000003548382565555
28000 0.00000003857735109136
28100 0.00000003216378630100
28200 0.00000002760967277027
28300 0.00000003370784185108
28400 0.00000003959436156720
28500 0.00000004660608610152
28600 0.00000004773777817491
28700 0.00000005236485733917
28800 0.00000005459924068418
28900 0.00000005782892742445
29000 0.00000004479645099309
29100 0.00000004994430469196
29200 0.00000005925193491407
29300 0.00000005447058626373
29400 0.00000007079246699959
29500 0.00000005802952784961
29600 0.00000005265870939297
29700 0.00000005575784456369
29800 0.00000006618440551165
29900 0.00000007063323437251
30000 0.00000006142465736048
30100 0.00000006460415136189
30200 0.00000006392617635242
30300 0.00000005814381154323
30400 0.00000005765720345607
30500 0.00000005285262005827
30600 0.00000003089790112654
30700 0.00000003109573043503
30800 0.00000002648878449918
30900 0.00000002139102761589
31000 0.00000001754776590701
31100 0.00000002183444181014
31200 0.00000001521704362517
31300 0.00000000938059230293
31400 0.00000000067637273560
31500 0.00000000037982772483
31600 0.00000001937549853892
31700 0.00000001745465283420
31800 0.00000002285358036147
31900 0.00000002306242663508
32000 0.00000001626646195518
32100 0.00000000439371916627
32200 0.00000000503472818991
32300 0.00000000638457819946
32400 0.00000000155709756200
32500 0.00000000184679294080
32600 0.00000000129793420456
32700 0.00000000791444421111
32800 0.00000000760906715414
32900 0.00000000014081180666
33000 0.00000000558826585006
33100 0.00000001082964118382
33200 0.00000000430975077848
33300 0.00000000154907198180
33400 0.00000000150380330410
33500 0.00000000072158456987
33600 0.00000001454782960764
33700 0.00000000832040214505
33800 0.00000001040800867713
33900 0.00000000906112873622
34000 0.00000000317355031143
34100 0.00000000658294041500
34200 0.00000000837184543911
34300 0.00000000201174188419
34400 0.00000000815586176373
34500 0.00000001471822841381
34600 0.00000000769560770664
34700 0.00000000774439712359
34800 0.00000000591217741430
34900 0.00000000305110248178
35000 0.00000000502642905076
35100 0.00000000730630134171
35200 0.00000001532725946163
35300 0.00000001998012422177
35400 0.00000001103947866454
35500 0.00000001759716283800
35600 0.00000000727720816940
35700 0.00000001614488098767
35800 0.00000001139050809229
35900 0.00000000790518228655
36000 0.00000000190609483752
