100 0.139245
200 0.141195
300 0.175172
400 0.170647
500 0.181898
600 0.174593
700 0.182413
800 0.179340
900 0.174613
1000 0.167446
1100 0.164162
1200 0.161301
1300 0.165566
1400 0.167772
1500 0.164177
1600 0.164424
1700 0.164697
1800 0.164193
1900 0.169533
2000 0.174692
2100 0.176380
2200 0.176919
2300 0.177748
2400 0.180581
2500 0.186264
2600 0.183772
2700 0.188246
2800 0.186752
2900 0.185302
3000 0.184812
3100 0.183025
3200 0.181430
3300 0.181356
3400 0.181242
3500 0.182462
3600 0.181480
3700 0.181633
3800 0.180424
3900 0.178839
4000 0.177713
4100 0.177745
4200 0.178455
4300 0.177724
4400 0.180591
4500 0.181375
4600 0.180528
4700 0.179936
4800 0.180227
4900 0.179179
5000 0.180392
5100 0.180641
5200 0.180650
5300 0.180400
5400 0.179914
5500 0.180221
5600 0.179428
5700 0.179139
5800 0.180444
5900 0.181017
6000 0.181691
6100 0.180952
6200 0.180348
6300 0.180510
6400 0.181226
6500 0.180558
6600 0.179712
6700 0.178758
6800 0.178560
6900 0.178985
7000 0.179696
7100 0.179451
7200 0.178917
7300 0.178224
7400 0.177922
7500 0.177004
7600 0.176227
7700 0.175603
7800 0.175773
7900 0.175502
8000 0.176013
8100 0.175825
8200 0.175392
8300 0.174687
8400 0.177621
8500 0.177183
8600 0.176716
8700 0.176797
8800 0.176784
8900 0.178616
9000 0.178652
9100 0.178073
9200 0.177511
9300 0.176626
9400 0.175787
9500 0.175319
9600 0.174744
9700 0.174213
9800 0.173884
9900 0.173742
10000 0.173258
10100 0.173046
10200 0.173508
10300 0.173596
10400 0.174067
10500 0.173882
10600 0.173132
10700 0.172895
10800 0.172421
10900 0.173998
11000 0.173855
11100 0.173324
11200 0.173368
11300 0.173058
11400 0.172768
11500 0.173001
11600 0.173385
11700 0.173168
11800 0.173480
11900 0.173383
12000 0.173554
12100 0.173699
12200 0.173863
12300 0.176518
12400 0.176252
12500 0.175981
12600 0.175788
12700 0.175747
12800 0.175562
12900 0.175421
13000 0.175421
13100 0.175974
13200 0.177246
13300 0.176889
13400 0.176313
13500 0.176236
13600 0.176250
13700 0.176452
13800 0.176383
13900 0.176863
14000 0.176873
14100 0.177108
14200 0.177050
14300 0.177320
14400 0.177212
14500 0.177702
14600 0.177708
14700 0.177600
14800 0.177370
14900 0.177440
15000 0.178182
15100 0.177982
15200 0.178312
15300 0.178987
15400 0.180066
15500 0.180158
15600 0.179920
15700 0.180044
15800 0.179883
15900 0.180340
16000 0.180053
16100 0.179781
16200 0.179907
16300 0.179663
16400 0.179519
16500 0.179207
16600 0.178957
16700 0.178716
16800 0.178666
16900 0.178586
17000 0.178581
17100 0.179220
17200 0.179385
17300 0.179312
17400 0.179522
17500 0.179304
17600 0.179533
17700 0.179395
17800 0.179851
17900 0.179656
18000 0.179371
18100 0.179440
18200 0.180470
18300 0.180205
18400 0.180316
18500 0.180172
18600 0.180108
18700 0.180863
18800 0.180636
18900 0.180633
19000 0.181032
19100 0.180964
19200 0.180703
19300 0.180739
19400 0.180598
19500 0.181538
19600 0.181298
19700 0.180993
19800 0.180872
19900 0.180774
20000 0.180747
20100 0.180552
20200 0.180539
20300 0.180371
20400 0.180218
20500 0.180291
20600 0.180351
20700 0.180202
20800 0.179958
20900 0.179927
21000 0.179740
21100 0.179603
21200 0.180059
21300 0.179707
21400 0.179643
21500 0.179336
21600 0.179123
21700 0.179069
21800 0.179127
21900 0.179294
22000 0.179416
22100 0.179323
22200 0.179244
22300 0.179380
22400 0.179601
22500 0.179597
22600 0.179464
22700 0.179502
22800 0.179235
22900 0.179405
23000 0.179434
23100 0.179357
23200 0.179610
23300 0.179571
23400 0.179409
23500 0.179874
23600 0.179963
23700 0.179754
23800 0.179435
23900 0.179394
24000 0.179253
24100 0.179021
24200 0.178888
24300 0.178695
24400 0.178973
24500 0.179266
24600 0.179456
24700 0.179380
24800 0.179161
24900 0.178915
25000 0.179032
25100 0.179129
25200 0.179222
25300 0.180084
25400 0.180294
25500 0.180165
25600 0.180088
25700 0.180099
25800 0.179971
25900 0.180084
26000 0.180863
26100 0.180857
26200 0.180647
26300 0.180434
26400 0.180681
26500 0.180462
26600 0.180903
26700 0.181031
26800 0.181180
26900 0.181489
27000 0.181288
27100 0.181110
27200 0.181414
27300 0.182023
27400 0.181842
27500 0.181596
27600 0.181659
27700 0.182587
27800 0.182551
27900 0.182687
28000 0.182534
28100 0.182326
28200 0.182181
28300 0.182064
28400 0.182038
28500 0.184251
28600 0.184313
28700 0.184364
28800 0.184567
28900 0.184615
29000 0.184680
29100 0.184650
29200 0.184785
29300 0.184827
29400 0.184732
29500 0.184874
29600 0.184711
29700 0.184636
29800 0.184407
29900 0.184323
30000 0.184143
30100 0.183940
30200 0.183844
30300 0.183797
30400 0.183651
30500 0.183637
30600 0.183619
30700 0.183502
30800 0.183304
30900 0.183220
31000 0.183502
31100 0.183418
31200 0.183513
31300 0.183404
31400 0.183340
31500 0.183074
31600 0.183213
31700 0.183264
31800 0.183228
31900 0.183351
32000 0.183259
32100 0.183264
32200 0.183617
32300 0.183886
32400 0.183854
32500 0.183723
32600 0.183696
32700 0.183661
32800 0.183503
32900 0.183546
33000 0.183702
33100 0.183785
33200 0.183632
33300 0.183958
33400 0.183780
33500 0.183785
33600 0.183623
33700 0.183348
33800 0.183146
33900 0.182996
34000 0.182795
34100 0.182642
34200 0.182780
34300 0.182642
34400 0.182715
34500 0.182603
34600 0.182514
34700 0.182588
34800 0.182614
34900 0.182564
35000 0.182401
35100 0.182393
35200 0.182471
35300 0.183941
35400 0.183952
35500 0.183885
35600 0.183898
35700 0.183739
35800 0.183745
35900 0.183820
36000 0.184426
