100 1.642399
200 1.632412
300 1.732411
400 1.760878
500 1.800539
600 1.808238
700 1.830657
800 1.859794
900 1.882873
1000 1.871226
1100 1.858247
1200 1.848295
1300 1.860583
1400 1.859241
1500 1.851612
1600 1.855973
1700 1.853693
1800 1.841657
1900 1.841289
2000 1.845057
2100 1.855926
2200 1.866535
2300 1.871770
2400 1.875062
2500 1.876174
2600 1.867464
2700 1.865840
2800 1.863423
2900 1.859255
3000 1.862275
3100 1.859776
3200 1.862233
3300 1.863926
3400 1.873801
3500 1.878010
3600 1.883527
3700 1.887079
3800 1.890752
3900 1.894969
4000 1.904458
4100 1.903449
4200 1.904894
4300 1.908201
4400 1.910076
4500 1.908030
4600 1.905158
4700 1.905023
4800 1.909428
4900 1.908151
5000 1.912265
5100 1.910473
5200 1.909268
5300 1.911262
5400 1.914360
5500 1.916012
5600 1.914135
5700 1.920377
5800 1.922913
5900 1.921055
6000 1.920051
6100 1.916550
6200 1.914784
6300 1.912764
6400 1.910347
6500 1.907094
6600 1.905765
6700 1.904089
6800 1.901382
6900 1.897911
7000 1.899358
7100 1.900718
7200 1.901571
7300 1.901646
7400 1.902159
7500 1.901808
7600 1.903698
7700 1.902988
7800 1.908161
7900 1.907681
8000 1.909310
8100 1.909274
8200 1.910813
8300 1.911449
8400 1.910959
8500 1.907528
8600 1.906178
8700 1.903274
8800 1.901540
8900 1.901100
9000 1.899630
9100 1.897638
9200 1.897516
9300 1.894173
9400 1.893361
9500 1.895690
9600 1.896944
9700 1.897355
9800 1.897463
9900 1.897139
10000 1.897180
10100 1.895022
10200 1.893091
10300 1.892196
10400 1.893646
10500 1.894161
10600 1.895421
10700 1.899017
10800 1.899983
10900 1.901234
11000 1.901086
11100 1.898155
11200 1.897054
11300 1.896133
11400 1.895328
11500 1.896397
11600 1.895272
11700 1.894508
11800 1.893361
11900 1.894110
12000 1.894738
12100 1.898574
12200 1.901881
12300 1.903557
12400 1.903553
12500 1.902750
12600 1.902133
12700 1.899911
12800 1.899510
12900 1.900118
13000 1.899110
13100 1.899739
13200 1.900091
13300 1.898523
13400 1.898871
13500 1.900034
13600 1.898944
13700 1.897095
13800 1.896165
13900 1.896411
14000 1.895942
14100 1.896239
14200 1.896894
14300 1.897393
14400 1.899160
14500 1.901396
14600 1.901047
14700 1.901368
14800 1.899792
14900 1.898780
15000 1.899539
15100 1.900131
15200 1.902066
15300 1.903346
15400 1.906094
15500 1.906988
15600 1.906692
15700 1.906020
15800 1.907108
15900 1.908645
16000 1.909952
16100 1.908917
16200 1.907807
16300 1.907874
16400 1.907394
16500 1.907348
16600 1.905508
16700 1.903894
16800 1.903657
16900 1.904859
17000 1.905061
17100 1.904645
17200 1.903848
17300 1.902601
17400 1.901889
17500 1.901150
17600 1.901364
17700 1.901774
17800 1.903281
17900 1.904217
18000 1.905160
18100 1.906834
18200 1.906300
18300 1.905884
18400 1.906281
18500 1.905424
18600 1.904839
18700 1.905277
18800 1.904426
18900 1.904327
19000 1.904112
19100 1.902735
19200 1.903549
19300 1.903482
19400 1.903804
19500 1.905092
19600 1.905487
19700 1.905470
19800 1.906211
19900 1.906637
20000 1.905836
20100 1.904354
20200 1.904387
20300 1.904948
20400 1.905753
20500 1.906526
20600 1.906916
20700 1.908180
20800 1.907994
20900 1.907405
21000 1.906605
21100 1.905627
21200 1.905586
21300 1.904635
21400 1.904539
21500 1.904097
21600 1.903572
21700 1.903864
21800 1.904946
21900 1.906277
22000 1.906037
22100 1.906381
22200 1.906357
22300 1.905420
22400 1.904874
22500 1.904859
22600 1.907018
22700 1.907542
22800 1.907251
22900 1.906927
23000 1.907897
23100 1.908906
23200 1.909706
23300 1.908842
23400 1.908147
23500 1.908506
23600 1.908553
23700 1.909611
23800 1.909866
23900 1.909628
24000 1.908911
24100 1.908536
24200 1.908867
24300 1.908611
24400 1.908815
24500 1.909233
24600 1.910158
24700 1.910353
24800 1.910963
24900 1.910673
25000 1.910728
25100 1.910769
25200 1.910536
25300 1.910590
25400 1.910037
25500 1.909430
25600 1.909264
25700 1.908807
25800 1.908378
25900 1.907833
26000 1.907864
26100 1.907010
26200 1.906508
26300 1.906351
26400 1.906636
26500 1.905746
26600 1.905688
26700 1.905490
26800 1.905341
26900 1.905741
27000 1.905657
27100 1.904863
27200 1.904737
27300 1.904533
27400 1.904459
27500 1.904528
27600 1.904611
27700 1.904112
27800 1.903348
27900 1.903221
28000 1.903892
28100 1.903286
28200 1.902757
28300 1.902436
28400 1.901880
28500 1.902066
28600 1.901140
28700 1.901095
28800 1.901897
28900 1.902103
29000 1.902021
29100 1.902065
29200 1.902638
29300 1.903507
29400 1.903874
29500 1.903948
29600 1.903114
29700 1.902064
29800 1.901698
29900 1.900942
30000 1.900105
30100 1.900675
30200 1.900522
30300 1.900148
30400 1.899277
30500 1.899787
30600 1.900111
30700 1.899822
30800 1.899566
30900 1.899679
31000 1.900143
31100 1.900234
31200 1.900611
31300 1.899928
31400 1.900489
31500 1.902322
31600 1.902651
31700 1.902049
31800 1.901148
31900 1.901264
32000 1.900075
32100 1.900059
32200 1.899826
32300 1.899784
32400 1.899389
32500 1.899540
32600 1.899506
32700 1.898587
32800 1.897722
32900 1.897336
33000 1.896798
33100 1.897789
33200 1.899041
33300 1.898874
33400 1.899655
33500 1.900207
33600 1.899879
33700 1.899475
33800 1.898961
33900 1.898459
34000 1.898343
34100 1.898634
34200 1.898823
34300 1.898425
34400 1.898352
34500 1.898982
34600 1.899310
34700 1.899877
34800 1.900258
34900 1.900702
35000 1.900534
35100 1.900862
35200 1.901075
35300 1.900955
35400 1.901430
35500 1.901513
35600 1.902092
35700 1.901786
35800 1.902009
35900 1.901923
36000 1.901175
