100 0.158919
200 0.150270
300 0.174961
400 0.194532
500 0.241897
600 0.236152
700 0.244246
800 0.285578
900 0.301279
1000 0.296708
1100 0.291856
1200 0.289399
1300 0.300178
1400 0.296700
1500 0.290612
1600 0.304075
1700 0.306799
1800 0.297909
1900 0.289030
2000 0.285894
2100 0.298771
2200 0.307137
2300 0.306044
2400 0.306374
2500 0.303495
2600 0.295540
2700 0.291011
2800 0.290043
2900 0.289141
3000 0.290363
3100 0.287806
3200 0.294433
3300 0.295888
3400 0.307734
3500 0.311017
3600 0.316689
3700 0.321407
3800 0.325051
3900 0.330408
4000 0.339647
4100 0.339236
4200 0.337352
4300 0.339504
4400 0.340183
4500 0.337424
4600 0.333083
4700 0.332650
4800 0.334690
4900 0.334551
5000 0.335583
5100 0.333987
5200 0.333546
5300 0.335046
5400 0.337563
5500 0.338417
5600 0.338345
5700 0.344658
5800 0.347834
5900 0.347346
6000 0.346166
6100 0.343115
6200 0.342213
6300 0.339262
6400 0.336679
6500 0.333673
6600 0.331892
6700 0.331799
6800 0.330076
6900 0.326638
7000 0.326851
7100 0.327931
7200 0.327626
7300 0.327823
7400 0.328715
7500 0.329508
7600 0.332773
7700 0.333750
7800 0.338531
7900 0.337988
8000 0.339598
8100 0.340890
8200 0.341881
8300 0.342618
8400 0.341240
8500 0.338148
8600 0.336207
8700 0.332967
8800 0.331667
8900 0.330599
9000 0.328709
9100 0.327805
9200 0.328035
9300 0.325940
9400 0.325703
9500 0.328203
9600 0.329077
9700 0.329414
9800 0.330263
9900 0.330088
10000 0.330145
10100 0.328709
10200 0.327301
10300 0.326908
10400 0.327723
10500 0.328350
10600 0.330676
10700 0.334079
10800 0.334174
10900 0.334089
11000 0.334265
11100 0.332116
11200 0.331542
11300 0.330644
11400 0.330257
11500 0.331513
11600 0.330630
11700 0.330101
11800 0.329160
11900 0.328441
12000 0.329059
12100 0.331913
12200 0.335418
12300 0.337435
12400 0.337806
12500 0.338235
12600 0.338010
12700 0.336274
12800 0.335929
12900 0.336498
13000 0.335979
13100 0.335188
13200 0.334903
13300 0.334531
13400 0.334803
13500 0.335447
13600 0.334236
13700 0.332347
13800 0.331213
13900 0.331916
14000 0.331937
14100 0.331347
14200 0.332275
14300 0.333179
14400 0.333907
14500 0.335705
14600 0.335377
14700 0.335183
14800 0.333880
14900 0.333344
15000 0.333541
15100 0.334457
15200 0.335648
15300 0.336663
15400 0.338839
15500 0.339767
15600 0.339298
15700 0.339239
15800 0.340422
15900 0.342437
16000 0.344052
16100 0.343302
16200 0.342476
16300 0.342401
16400 0.342553
16500 0.342494
16600 0.340749
16700 0.339047
16800 0.338788
16900 0.339332
17000 0.339660
17100 0.338809
17200 0.338462
17300 0.337464
17400 0.336452
17500 0.335736
17600 0.335390
17700 0.335523
17800 0.337211
17900 0.337977
18000 0.339348
18100 0.340856
18200 0.340053
18300 0.339670
18400 0.339862
18500 0.339274
18600 0.339036
18700 0.339211
18800 0.339007
18900 0.339091
19000 0.338978
19100 0.337713
19200 0.338593
19300 0.338550
19400 0.338813
19500 0.339418
19600 0.340293
19700 0.340348
19800 0.340891
19900 0.341293
20000 0.340598
20100 0.339540
20200 0.339774
20300 0.339984
20400 0.340315
20500 0.340777
20600 0.340927
20700 0.341973
20800 0.341833
20900 0.341164
21000 0.340643
21100 0.339564
21200 0.339305
21300 0.338576
21400 0.338201
21500 0.338002
21600 0.337465
21700 0.337603
21800 0.338826
21900 0.339946
22000 0.339758
22100 0.339980
22200 0.339818
22300 0.339014
22400 0.338726
22500 0.338783
22600 0.340869
22700 0.340961
22800 0.341074
22900 0.340937
23000 0.341905
23100 0.342891
23200 0.343001
23300 0.342323
23400 0.342203
23500 0.342324
23600 0.341627
23700 0.342672
23800 0.342961
23900 0.342694
24000 0.342240
24100 0.342099
24200 0.342128
24300 0.341744
24400 0.341325
24500 0.341580
24600 0.342551
24700 0.342489
24800 0.343665
24900 0.343775
25000 0.343544
25100 0.343542
25200 0.343294
25300 0.342743
25400 0.341925
25500 0.341351
25600 0.341376
25700 0.340895
25800 0.340735
25900 0.340341
26000 0.340191
26100 0.339483
26200 0.339296
26300 0.339305
26400 0.339012
26500 0.337971
26600 0.337774
26700 0.337456
26800 0.337337
26900 0.337647
27000 0.337605
27100 0.336861
27200 0.336720
27300 0.336504
27400 0.336477
27500 0.336688
27600 0.336492
27700 0.335733
27800 0.334924
27900 0.335088
28000 0.335538
28100 0.335075
28200 0.334335
28300 0.334057
28400 0.333657
28500 0.333537
28600 0.332619
28700 0.332465
28800 0.333435
28900 0.333306
29000 0.333091
29100 0.333007
29200 0.333494
29300 0.334266
29400 0.334574
29500 0.334411
29600 0.333852
29700 0.333137
29800 0.332840
29900 0.332127
30000 0.331421
30100 0.331951
30200 0.332026
30300 0.331591
30400 0.330910
30500 0.331273
30600 0.331522
30700 0.331267
30800 0.331181
30900 0.331130
31000 0.331290
31100 0.331408
31200 0.331569
31300 0.331008
31400 0.331353
31500 0.332938
31600 0.333053
31700 0.332543
31800 0.331535
31900 0.331422
32000 0.330755
32100 0.330508
32200 0.330046
32300 0.330134
32400 0.329971
32500 0.329902
32600 0.329431
32700 0.328758
32800 0.328159
32900 0.327488
33000 0.327018
33100 0.328024
33200 0.329120
33300 0.328947
33400 0.329793
33500 0.330546
33600 0.330612
33700 0.330242
33800 0.329675
33900 0.329313
34000 0.329187
34100 0.329347
34200 0.329483
34300 0.329326
34400 0.328879
34500 0.329547
34600 0.329804
34700 0.329976
34800 0.330234
34900 0.330686
35000 0.330662
35100 0.330866
35200 0.331030
35300 0.330675
35400 0.331038
35500 0.331477
35600 0.331860
35700 0.331442
35800 0.331716
35900 0.331685
36000 0.331357
