100 0.00000000000043162696
200 0.00000000000008842926
300 0.00000000000092090224
400 0.00000000000068370309
500 0.00000000000095520813
600 0.00000000000032632230
700 0.00000000000349031914
800 0.00000000000272409872
900 0.00000000000699956759
1000 0.00000000000395428135
1100 0.00000000000247379894
1200 0.00000000001554217866
1300 0.00000000001780786629
1400 0.00000000001562139307
1500 0.00000000001221095447
1600 0.00000000000575173242
1700 0.00000000000201422212
1800 0.00000000000442568204
1900 0.00000000000496758190
2000 0.00000000000232602826
2100 0.00000000000856009708
2200 0.00000000001322381094
2300 0.00000000000871475114
2400 0.00000000002936645371
2500 0.00000000001432870489
2600 0.00000000001802097360
2700 0.00000000002273470301
2800 0.00000000003542749427
2900 0.00000000001325339838
3000 0.00000000002479405570
3100 0.00000000001187888676
3200 0.00000000000532868194
3300 0.00000000002267352972
3400 0.00000000000493710628
3500 0.00000000004410399823
3600 0.00000000003293804118
3700 0.00000000000244737564
3800 0.00000000001854927323
3900 0.00000000002914024577
4000 0.00000000004836242518
4100 0.00000000003939870652
4200 0.00000000000221256347
4300 0.00000000000542615952
4400 0.00000000005950545612
4500 0.00000000006940487074
4600 0.00000000007079853370
4700 0.00000000007007855407
4800 0.00000000001593158938
4900 0.00000000004921396624
5000 0.00000000006366163152
5100 0.00000000001762529012
5200 0.00000000005845945950
5300 0.00000000004550382293
5400 0.00000000003838124263
5500 0.00000000003998895659
5600 0.00000000001109085046
5700 0.00000000000435051994
5800 0.00000000004954825439
5900 0.00000000001069094813
6000 0.00000000004649480800
6100 0.00000000006350142634
6200 0.00000000009768935660
6300 0.00000000001389227622
6400 0.00000000002765565554
6500 0.00000000002940847565
6600 0.00000000006950889864
6700 0.00000000004693340161
6800 0.00000000006004080566
6900 0.00000000009222350661
7000 0.00000000002651862063
7100 0.00000000006643235961
7200 0.00000000004833944356
7300 0.00000000001483185796
7400 0.00000000002440475599
7500 0.00000000001589922638
7600 0.00000000000549604806
7700 0.00000000012189482756
7800 0.00000000001666550231
7900 0.00000000004438038825
8000 0.00000000002343419903
8100 0.00000000005339767517
8200 0.00000000004086847527
8300 0.00000000002704125812
8400 0.00000000005496103572
8500 0.00000000005856531926
8600 0.00000000006172284905
8700 0.00000000001693389873
8800 0.00000000003281608318
8900 0.00000000005470029985
9000 0.00000000012201112343
9100 0.00000000002983885361
9200 0.00000000006551348353
9300 0.00000000006034600597
9400 0.00000000001525773952
9500 0.00000000010235512438
9600 0.00000000006738071212
9700 0.00000000001866301558
9800 0.00000000000436795045
9900 0.00000000000929945010
10000 0.00000000002813671518
10100 0.00000000002547001499
10200 0.00000000001949079786
10300 0.00000000009490874753
10400 0.00000000006553491083
10500 0.00000000006344241799
10600 0.00000000004561734324
10700 0.00000000001498995372
10800 0.00000000013950424149
10900 0.00000000011995066052
11000 0.00000000000024796831
11100 0.00000000000186306526
11200 0.00000000005711942030
11300 0.00000000014911583079
11400 0.00000000000165195635
11500 0.00000000005786798818
11600 0.00000000004169758983
11700 0.00000000007800493584
11800 0.00000000005634420708
11900 0.00000000006607159264
12000 0.00000000001832767271
12100 0.00000000004217604044
12200 0.00000000008501588322
12300 0.00000000005743733267
12400 0.00000000001309530262
12500 0.00000000000077310380
12600 0.00000000007931938439
12700 0.00000000006934464114
12800 0.00000000000050803806
12900 0.00000000006968498001
13000 0.00000000001967875862
13100 0.00000000005378442136
13200 0.00000000005992945029
13300 0.00000000004806799403
13400 0.00000000007490041920
13500 0.00000000002339911598
13600 0.00000000001285338502
13700 0.00000000010025519304
13800 0.00000000001550742867
13900 0.00000000003277333960
14000 0.00000000001856914622
14100 0.00000000007011835557
14200 0.00000000005885264498
14300 0.00000000007599365581
14400 0.00000000009905321008
14500 0.00000000008878608959
14600 0.00000000009135225909
14700 0.00000000008571815480
14800 0.00000000003918043667
14900 0.00000000008850170596
15000 0.00000000000608724182
15100 0.00000000004889855187
15200 0.00000000011676598577
15300 0.00000000019577894861
15400 0.00000000010192324762
15500 0.00000000006747852277
15600 0.00000000010929507299
15700 0.00000000004520139818
15800 0.00000000007297057403
15900 0.00000000015892254179
16000 0.00000000011373507691
16100 0.00000000005782052614
16200 0.00000000014068174403
16300 0.00000000011555789659
16400 0.00000000003804473403
16500 0.00000000010418343965
16600 0.00000000004747380267
16700 0.00000000001391814441
16800 0.00000000007819039860
16900 0.00000000010178535792
17000 0.00000000002000488664
17100 0.00000000000689648338
17200 0.00000000010679757079
17300 0.00000000011734169192
17400 0.00000000007732869900
17500 0.00000000006073103131
17600 0.00000000005789790869
17700 0.00000000001907501934
17800 0.00000000007485440046
17900 0.00000000010645484494
18000 0.00000000002833833168
18100 0.00000000011043826964
18200 0.00000000007162531679
18300 0.00000000002258226939
18400 0.00000000002473266036
18500 0.00000000010748330004
18600 0.00000000028044916389
18700 0.00000000001148270368
18800 0.00000000017710632960
18900 0.00000000011458761717
19000 0.00000000001172129060
19100 0.00000000008159251053
19200 0.00000000011619699647
19300 0.00000000001882560774
19400 0.00000000007780126543
19500 0.00000000006357547822
19600 0.00000000003154171369
19700 0.00000000003397793158
19800 0.00000000013764800411
19900 0.00000000018183210493
20000 0.00000000005069278330
20100 0.00000000006838674071
20200 0.00000000006960992893
20300 0.00000000012880080336
20400 0.00000000016106266321
20500 0.00000000001481215151
20600 0.00000000014910145341
20700 0.00000000017029072596
20800 0.00000000000869726513
20900 0.00000000000138494771
21000 0.00000000005523237423
21100 0.00000000008018929964
21200 0.00000000000387934129
21300 0.00000000009370559884
21400 0.00000000003204658761
21500 0.00000000007624384457
21600 0.00000000000774036391
21700 0.00000000016554707605
21800 0.00000000002641115104
21900 0.00000000004797118258
22000 0.00000000001294236940
22100 0.00000000010496825631
22200 0.00000000010611661549
22300 0.00000000011131506827
22400 0.00000000017151974285
22500 0.00000000043650877357
22600 0.00000000005821515492
22700 0.00000000005493883126
22800 0.00000000008023748332
22900 0.00000000009802580969
23000 0.00000000002611094674
23100 0.00000000018649781719
23200 0.00000000009521372579
23300 0.00000000005914019274
23400 0.00000000014798740011
23500 0.00000000003540673310
23600 0.00000000010408246487
23700 0.00000000003876443611
23800 0.00000000002128075494
23900 0.00000000009736528250
24000 0.00000000020290652492
24100 0.00000000011287115687
24200 0.00000000022384621934
24300 0.00000000000747546469
24400 0.00000000023080848344
24500 0.00000000001706235153
24600 0.00000000005061573383
24700 0.00000000012895456925
24800 0.00000000005461331387
24900 0.00000000014917123092
25000 0.00000000009065898032
25100 0.00000000016317730500
25200 0.00000000009420636493
25300 0.00000000009493933417
25400 0.00000000013586204384
25500 0.00000000017803919450
25600 0.00000000016792506274
25700 0.00000000016534418279
25800 0.00000000016233597799
25900 0.00000000017045453937
26000 0.00000000008337025514
26100 0.00000000001890948509
26200 0.00000000028837943145
26300 0.00000000025022178773
26400 0.00000000004548661448
26500 0.00000000016264728453
26600 0.00000000023461299570
26700 0.00000000007187767048
26800 0.00000000002851191505
26900 0.00000000001770417146
27000 0.00000000020285356728
27100 0.00000000003278616267
27200 0.00000000001709898889
27300 0.00000000006745098924
27400 0.00000000018068868624
27500 0.00000000001255051618
27600 0.00000000019584145416
27700 0.00000000008444001054
27800 0.00000000002498995455
27900 0.00000000003818273475
28000 0.00000000007066613961
28100 0.00000000014495282752
28200 0.00000000010322148691
28300 0.00000000010715711651
28400 0.00000000006415223908
28500 0.00000000008778561211
28600 0.00000000004463118763
28700 0.00000000000663658017
28800 0.00000000000082844842
28900 0.00000000008036160626
29000 0.00000000004622424665
29100 0.00000000012651352188
29200 0.00000000007666600688
29300 0.00000000008199280144
29400 0.00000000017879886460
29500 0.00000000018633466992
29600 0.00000000006092182314
29700 0.00000000017717249889
29800 0.00000000008740108637
29900 0.00000000023484247880
30000 0.00000000012133033467
30100 0.00000000001488692503
30200 0.00000000030554780928
30300 0.00000000019627749426
30400 0.00000000004789230124
30500 0.00000000005446892937
30600 0.00000000047464532305
30700 0.00000000027135599323
30800 0.00000000041881531576
30900 0.00000000028424834708
31000 0.00000000031832575464
31100 0.00000000018153450965
31200 0.00000000020141838197
31300 0.00000000015398615716
31400 0.00000000014760820344
31500 0.00000000027339464026
31600 0.00000000032919950099
31700 0.00000000036723285524
31800 0.00000000004820766009
31900 0.00000000042244946430
32000 0.00000000006498968030
32100 0.00000000021603718814
32200 0.00000000004632727535
32300 0.00000000014515616487
32400 0.00000000015602735770
32500 0.00000000029044605609
32600 0.00000000024620910866
32700 0.00000000022216312123
32800 0.00000000008002903895
32900 0.00000000009763867492
33000 0.00000000012341760947
33100 0.00000000004989697544
33200 0.00000000014494283551
33300 0.00000000020631357733
33400 0.00000000033190317161
33500 0.00000000026979163348
33600 0.00000000004244260499
33700 0.00000000000889038843
33800 0.00000000021140283968
33900 0.00000000014611645227
34000 0.00000000005822142768
34100 0.00000000002859945614
34200 0.00000000025467566944
34300 0.00000000001865735344
34400 0.00000000047624593158
34500 0.00000000019572471421
34600 0.00000000029696306525
34700 0.00000000006380757034
34800 0.00000000014077539134
34900 0.00000000002091760098
35000 0.00000000014421058792
35100 0.00000000017384288453
35200 0.00000000004063555048
35300 0.00000000022242913067
35400 0.00000000046382120367
35500 0.00000000004920458485
35600 0.00000000002476263639
35700 0.00000000023903773405
35800 0.00000000011245382403
35900 0.00000000010636513892
36000 0.00000000024117352559
