100 0.00000000002442401836
200 0.00000000001371391889
300 0.00000000012388312598
400 0.00000000005885469889
500 0.00000000009338929630
600 0.00000000064878036277
700 0.00000000032154034990
800 0.00000000011456458004
900 0.00000000043231351832
1000 0.00000000081952999942
1100 0.00000000200301530917
1200 0.00000000236275110588
1300 0.00000000074638095704
1400 0.00000000076269657256
1500 0.00000000051597948136
1600 0.00000000031785951649
1700 0.00000000373421715771
1800 0.00000000091563179261
1900 0.00000000137073419282
2000 0.00000000117205289918
2100 0.00000000092732177492
2200 0.00000000311239833906
2300 0.00000000419238754823
2400 0.00000000330948135563
2500 0.00000000421180845755
2600 0.00000000568322655603
2700 0.00000000490652007912
2800 0.00000000507190245358
2900 0.00000000438912950429
3000 0.00000000422670942690
3100 0.00000000117217391349
3200 0.00000000091376750611
3300 0.00000000193328353326
3400 0.00000000477324491044
3500 0.00000000300357427818
3600 0.00000000772759722878
3700 0.00000000534138244745
3800 0.00000001000245108962
3900 0.00000000728442373088
4000 0.00000000963933666220
4100 0.00000000826270762921
4200 0.00000000435386859898
4300 0.00000000427029966943
4400 0.00000001516459935402
4500 0.00000001622544854030
4600 0.00000001086331868905
4700 0.00000001092350232490
4800 0.00000001599545340625
4900 0.00000001264519933208
5000 0.00000000712020109539
5100 0.00000001045298603231
5200 0.00000001293290408100
5300 0.00000002288707334763
5400 0.00000002227727846638
5500 0.00000002056060299793
5600 0.00000000993884419209
5700 0.00000001317467934747
5800 0.00000001120870374294
5900 0.00000000815178968772
6000 0.00000000356110163580
6100 0.00000001368419955128
6200 0.00000000621173246174
6300 0.00000000368997232769
6400 0.00000000275063261057
6500 0.00000000338379924081
6600 0.00000000990674875467
6700 0.00000000103087716141
6800 0.00000000219631468568
6900 0.00000000699839430851
7000 0.00000000275685452245
7100 0.00000001402538574169
7200 0.00000001538805149970
7300 0.00000000928609233952
7400 0.00000001787662440300
7500 0.00000001596644128021
7600 0.00000002055796266554
7700 0.00000002777059182613
7800 0.00000003144216620399
7900 0.00000002506605700781
8000 0.00000002730991854882
8100 0.00000002609174787338
8200 0.00000003428236072800
8300 0.00000001810647365375
8400 0.00000001209738131891
8500 0.00000001496146029289
8600 0.00000000656168541724
8700 0.00000001820715467282
8800 0.00000000672006628122
8900 0.00000001566668927921
9000 0.00000001727236220717
9100 0.00000002993055692180
9200 0.00000005115661783073
9300 0.00000006037159905325
9400 0.00000006033239996484
9500 0.00000006274245500926
9600 0.00000006045856704162
9700 0.00000005643583889103
9800 0.00000005649448309164
9900 0.00000005901851696244
10000 0.00000005982983863895
10100 0.00000007231908050187
10200 0.00000007636950916101
10300 0.00000008459871048139
10400 0.00000008700443276943
10500 0.00000007842450511220
10600 0.00000007560888448666
10700 0.00000006454688028512
10800 0.00000005216357878979
10900 0.00000006012665143551
11000 0.00000008519773331273
11100 0.00000007821079717196
11200 0.00000007309215832585
11300 0.00000005711049699819
11400 0.00000006451265011087
11500 0.00000005623084597950
11600 0.00000005595508612011
11700 0.00000006173621924788
11800 0.00000005969240746140
11900 0.00000009079067853079
12000 0.00000007592437301085
12100 0.00000006321255963115
12200 0.00000005558993021459
12300 0.00000006658626627853
12400 0.00000006345878134084
12500 0.00000006977677569076
12600 0.00000006382334305499
12700 0.00000006014838427326
12800 0.00000006178326383832
12900 0.00000006124285478748
13000 0.00000005483326326328
13100 0.00000006037464728159
13200 0.00000009337153983324
13300 0.00000009718083981980
13400 0.00000012265289162094
13500 0.00000013973580514914
13600 0.00000011928478671486
13700 0.00000010355844182186
13800 0.00000010826819085707
13900 0.00000011495580976018
14000 0.00000011743610639492
14100 0.00000008761752323672
14200 0.00000008969495768341
14300 0.00000006598285051673
14400 0.00000007066019680479
14500 0.00000005816191106511
14600 0.00000004906923534165
14700 0.00000004941718789730
14800 0.00000005141986192392
14900 0.00000003678177162847
15000 0.00000003989154140349
15100 0.00000003583043239885
15200 0.00000003224741873531
15300 0.00000004200354331019
15400 0.00000006031329213840
15500 0.00000007000937918278
15600 0.00000008784547245178
15700 0.00000008830490960676
15800 0.00000010368843494923
15900 0.00000010854391718773
16000 0.00000011398168320298
16100 0.00000011360231555457
16200 0.00000011358192675281
16300 0.00000013122159780998
16400 0.00000013512282182049
16500 0.00000012391571480030
16600 0.00000012628400747339
16700 0.00000009688800006735
16800 0.00000010988670440248
16900 0.00000014650505097968
17000 0.00000014536065551241
17100 0.00000019202536094554
17200 0.00000020716741411242
17300 0.00000018866751894109
17400 0.00000014933598824207
17500 0.00000009596116568034
17600 0.00000013597074310923
17700 0.00000015008610976253
17800 0.00000010325890587026
17900 0.00000008089927905353
18000 0.00000007911060628807
18100 0.00000003201378295792
18200 0.00000005359375276903
18300 0.00000006978462918639
18400 0.00000005574645012274
18500 0.00000003203610754454
18600 0.00000005215188880747
18700 0.00000006491587312141
18800 0.00000007714957561689
18900 0.00000011346969164272
19000 0.00000006875017866115
19100 0.00000008677601281981
19200 0.00000007056009976303
19300 0.00000008167581788676
19400 0.00000009887468666037
19500 0.00000007835365445352
19600 0.00000007545037372658
19700 0.00000010260196958711
19800 0.00000012762754719731
19900 0.00000011422256718241
20000 0.00000009348175278312
20100 0.00000009129459788149
20200 0.00000009443888027150
20300 0.00000008527301531558
20400 0.00000013280167054930
20500 0.00000014296328787466
20600 0.00000016180997897131
20700 0.00000015769295202972
20800 0.00000019441137810716
20900 0.00000024338176829453
21000 0.00000024247172958347
21100 0.00000025020199911907
21200 0.00000022893929374490
21300 0.00000028297070775452
21400 0.00000029199911111277
21500 0.00000026172631528709
21600 0.00000027700967275557
21700 0.00000031064062500086
21800 0.00000031589320159675
21900 0.00000030744700163510
22000 0.00000032159721485847
22100 0.00000032929018378702
22200 0.00000031503973274560
22300 0.00000030325581135138
22400 0.00000028236946314486
22500 0.00000023474915389343
22600 0.00000022373984043256
22700 0.00000022360629170493
22800 0.00000024653361241356
22900 0.00000026187894652807
23000 0.00000028149477926398
23100 0.00000028509361915674
23200 0.00000031329380978384
23300 0.00000031418322254950
23400 0.00000032467759503163
23500 0.00000032542975292316
23600 0.00000033493337281421
23700 0.00000037917466211290
23800 0.00000042448349280022
23900 0.00000043320420251014
24000 0.00000041527242311545
24100 0.00000046693837241207
24200 0.00000048492214443918
24300 0.00000052028188179953
24400 0.00000052576757725298
24500 0.00000058950346981668
24600 0.00000054745519384447
24700 0.00000052814017892366
24800 0.00000051978397341834
24900 0.00000043526499093893
25000 0.00000038784703226824
25100 0.00000043713212094509
25200 0.00000043793418802451
25300 0.00000043640254121513
25400 0.00000042405631539566
25500 0.00000041251578708490
25600 0.00000039749972002845
25700 0.00000041902143754768
25800 0.00000038856998552106
25900 0.00000043405265937047
26000 0.00000046951985344101
26100 0.00000045669254844505
26200 0.00000045009409244123
26300 0.00000048057684298719
26400 0.00000045204465481952
26500 0.00000046246545548634
26600 0.00000046749211302100
26700 0.00000046544942566840
26800 0.00000048574121414013
26900 0.00000050302386900292
27000 0.00000049842305926973
27100 0.00000056575928653047
27200 0.00000059148477982163
27300 0.00000055630133366513
27400 0.00000055031524315297
27500 0.00000062823394264555
27600 0.00000058364280275391
27700 0.00000058672761493739
27800 0.00000062122453026170
27900 0.00000062257720201409
28000 0.00000068486145976543
28100 0.00000068310007406147
28200 0.00000068585732426740
28300 0.00000070635553117704
28400 0.00000067560057881444
28500 0.00000066981349533535
28600 0.00000067518805324518
28700 0.00000068397510522011
28800 0.00000070899199888785
28900 0.00000078992980778736
29000 0.00000082287635128075
29100 0.00000078229521549567
29200 0.00000076211577160201
29300 0.00000078224341271138
29400 0.00000077931221631466
29500 0.00000077385122287943
29600 0.00000077887040883517
29700 0.00000076174250951411
29800 0.00000070040389821280
29900 0.00000068570175937310
30000 0.00000067357874899976
30100 0.00000066503896256620
30200 0.00000068405961428653
30300 0.00000065021044437508
30400 0.00000061302599840829
30500 0.00000059638581095811
30600 0.00000062381228449482
30700 0.00000060940301960244
30800 0.00000062783203058636
30900 0.00000064752673067936
31000 0.00000065485472000582
31100 0.00000068979471068431
31200 0.00000065498576873324
31300 0.00000065882310562593
31400 0.00000063996451293846
31500 0.00000069075034403454
31600 0.00000067825022687096
31700 0.00000067535693726306
31800 0.00000069062428242894
31900 0.00000066654054386994
32000 0.00000065694321693677
32100 0.00000061908646076247
32200 0.00000061572300946722
32300 0.00000059465561386141
32400 0.00000056260008918230
32500 0.00000055652926045369
32600 0.00000052823466734075
32700 0.00000052685551121812
32800 0.00000052273585726681
32900 0.00000051086296237735
33000 0.00000050524590400336
33100 0.00000055343411697883
33200 0.00000056897170730430
33300 0.00000048651322104298
33400 0.00000044149485045608
33500 0.00000038141140779047
33600 0.00000033763416529276
33700 0.00000031210628037570
33800 0.00000028056480072536
33900 0.00000017029642895849
34000 0.00000023156470052577
34100 0.00000025430293559836
34200 0.00000029715078020409
34300 0.00000024181967206438
34400 0.00000027103979860499
34500 0.00000032268365623978
34600 0.00000027704589644628
34700 0.00000029602998319334
34800 0.00000037083900883417
34900 0.00000035065528414258
35000 0.00000032609888256374
35100 0.00000035485986682460
35200 0.00000031883747220185
35300 0.00000024033165257897
35400 0.00000025352727606176
35500 0.00000014908174295059
35600 0.00000013230102369199
35700 0.00000009285747726295
35800 0.00000016031812877237
35900 0.00000025274740655945
36000 0.00000023074240651511
