100 0.009635
200 0.009778
300 0.009693
400 0.009412
500 0.008643
600 0.008784
700 0.008741
800 0.008166
900 0.008021
1000 0.008040
1100 0.008058
1200 0.008052
1300 0.007937
1400 0.007985
1500 0.008047
1600 0.007861
1700 0.007814
1800 0.007897
1900 0.008031
2000 0.008097
2100 0.007945
2200 0.007860
2300 0.007897
2400 0.007904
2500 0.007952
2600 0.008038
2700 0.008101
2800 0.008108
2900 0.008104
3000 0.008096
3100 0.008124
3200 0.008031
3300 0.008017
3400 0.007879
3500 0.007848
3600 0.007789
3700 0.007736
3800 0.007700
3900 0.007642
4000 0.007554
4100 0.007555
4200 0.007586
4300 0.007571
4400 0.007568
4500 0.007598
4600 0.007645
4700 0.007651
4800 0.007640
4900 0.007637
5000 0.007640
5100 0.007655
5200 0.007656
5300 0.007643
5400 0.007620
5500 0.007615
5600 0.007609
5700 0.007549
5800 0.007516
5900 0.007516
6000 0.007527
6100 0.007555
6200 0.007559
6300 0.007590
6400 0.007616
6500 0.007643
6600 0.007662
6700 0.007657
6800 0.007670
6900 0.007704
7000 0.007706
7100 0.007696
7200 0.007704
7300 0.007702
7400 0.007693
7500 0.007680
7600 0.007643
7700 0.007627
7800 0.007583
7900 0.007589
8000 0.007573
8100 0.007556
8200 0.007549
8300 0.007541
8400 0.007557
8500 0.007586
8600 0.007606
8700 0.007639
8800 0.007649
8900 0.007662
9000 0.007682
9100 0.007686
9200 0.007683
9300 0.007699
9400 0.007699
9500 0.007674
9600 0.007666
9700 0.007663
9800 0.007652
9900 0.007653
10000 0.007652
10100 0.007664
10200 0.007675
10300 0.007677
10400 0.007672
10500 0.007665
10600 0.007639
10700 0.007606
10800 0.007608
10900 0.007614
11000 0.007611
11100 0.007629
11200 0.007633
11300 0.007642
11400 0.007644
11500 0.007631
11600 0.007639
11700 0.007643
11800 0.007652
11900 0.007664
12000 0.007658
12100 0.007633
12200 0.007599
12300 0.007578
12400 0.007573
12500 0.007564
12600 0.007565
12700 0.007580
12800 0.007583
12900 0.007577
13000 0.007580
13100 0.007593
13200 0.007598
13300 0.007597
13400 0.007595
13500 0.007591
13600 0.007603
13700 0.007621
13800 0.007633
13900 0.007624
14000 0.007622
14100 0.007631
14200 0.007621
14300 0.007611
14400 0.007608
14500 0.007593
14600 0.007596
14700 0.007600
14800 0.007612
14900 0.007615
15000 0.007615
15100 0.007605
15200 0.007597
15300 0.007588
15400 0.007569
15500 0.007560
15600 0.007565
15700 0.007564
15800 0.007552
15900 0.007532
16000 0.007515
16100 0.007521
16200 0.007528
16300 0.007529
16400 0.007526
16500 0.007526
16600 0.007542
16700 0.007559
16800 0.007561
16900 0.007558
17000 0.007555
17100 0.007564
17200 0.007565
17300 0.007574
17400 0.007585
17500 0.007591
17600 0.007597
17700 0.007597
17800 0.007580
17900 0.007573
18000 0.007559
18100 0.007545
18200 0.007553
18300 0.007557
18400 0.007556
18500 0.007560
18600 0.007561
18700 0.007560
18800 0.007560
18900 0.007559
19000 0.007560
19100 0.007571
19200 0.007563
19300 0.007563
19400 0.007561
19500 0.007558
19600 0.007548
19700 0.007547
19800 0.007543
19900 0.007540
20000 0.007546
20100 0.007554
20200 0.007551
20300 0.007551
20400 0.007549
20500 0.007546
20600 0.007546
20700 0.007537
20800 0.007538
20900 0.007545
21000 0.007549
21100 0.007559
21200 0.007562
21300 0.007568
21400 0.007573
21500 0.007574
21600 0.007579
21700 0.007579
21800 0.007566
21900 0.007556
22000 0.007558
22100 0.007556
22200 0.007558
22300 0.007565
22400 0.007567
22500 0.007566
22600 0.007547
22700 0.007548
22800 0.007545
22900 0.007546
23000 0.007536
23100 0.007527
23200 0.007529
23300 0.007534
23400 0.007533
23500 0.007533
23600 0.007542
23700 0.007533
23800 0.007530
23900 0.007533
24000 0.007536
24100 0.007537
24200 0.007537
24300 0.007542
24400 0.007548
24500 0.007546
24600 0.007536
24700 0.007538
24800 0.007525
24900 0.007522
25000 0.007525
25100 0.007525
25200 0.007528
25300 0.007535
25400 0.007544
25500 0.007549
25600 0.007548
25700 0.007553
25800 0.007553
25900 0.007556
26000 0.007559
26100 0.007565
26200 0.007565
26300 0.007564
26400 0.007569
26500 0.007580
26600 0.007582
26700 0.007585
26800 0.007586
26900 0.007584
27000 0.007584
27100 0.007591
27200 0.007592
27300 0.007595
27400 0.007595
27500 0.007592
27600 0.007595
27700 0.007603
27800 0.007611
27900 0.007608
28000 0.007605
28100 0.007609
28200 0.007617
28300 0.007619
28400 0.007623
28500 0.007625
28600 0.007634
28700 0.007636
28800 0.007626
28900 0.007628
29000 0.007631
29100 0.007632
29200 0.007628
29300 0.007621
29400 0.007618
29500 0.007620
29600 0.007624
29700 0.007630
29800 0.007633
29900 0.007639
30000 0.007646
30100 0.007641
30200 0.007639
30300 0.007644
30400 0.007650
30500 0.007647
30600 0.007644
30700 0.007647
30800 0.007647
30900 0.007648
31000 0.007648
31100 0.007647
31200 0.007646
31300 0.007651
31400 0.007648
31500 0.007634
31600 0.007633
31700 0.007638
31800 0.007648
31900 0.007650
32000 0.007655
32100 0.007658
32200 0.007663
32300 0.007662
32400 0.007663
32500 0.007665
32600 0.007671
32700 0.007677
32800 0.007681
32900 0.007689
33000 0.007694
33100 0.007684
33200 0.007673
33300 0.007675
33400 0.007666
33500 0.007658
33600 0.007656
33700 0.007660
33800 0.007665
33900 0.007668
34000 0.007670
34100 0.007669
34200 0.007668
34300 0.007668
34400 0.007674
34500 0.007667
34600 0.007665
34700 0.007665
34800 0.007663
34900 0.007659
35000 0.007658
35100 0.007657
35200 0.007655
35300 0.007660
35400 0.007657
35500 0.007651
35600 0.007648
35700 0.007653
35800 0.007650
35900 0.007650
36000 0.007652
