100 0.002232
200 0.002232
300 0.002232
400 0.002232
500 0.002232
600 0.002232
700 0.002232
800 0.002232
900 0.002232
1000 0.002232
1100 0.002232
1200 0.002232
1300 0.002232
1400 0.002232
1500 0.002232
1600 0.002232
1700 0.002232
1800 0.002232
1900 0.002232
2000 0.002232
2100 0.002232
2200 0.002232
2300 0.002232
2400 0.002232
2500 0.002232
2600 0.002232
2700 0.002232
2800 0.002232
2900 0.002232
3000 0.002232
3100 0.002232
3200 0.002232
3300 0.002232
3400 0.002232
3500 0.002232
3600 0.002232
3700 0.002232
3800 0.002232
3900 0.002232
4000 0.002232
4100 0.002232
4200 0.002232
4300 0.002232
4400 0.002232
4500 0.002232
4600 0.002232
4700 0.002232
4800 0.002232
4900 0.002232
5000 0.002232
5100 0.002232
5200 0.002232
5300 0.002232
5400 0.002232
5500 0.002232
5600 0.002232
5700 0.002232
5800 0.002232
5900 0.002232
6000 0.002232
6100 0.002232
6200 0.002232
6300 0.002232
6400 0.002232
6500 0.002232
6600 0.002232
6700 0.002232
6800 0.002232
6900 0.002232
7000 0.002232
7100 0.002232
7200 0.002232
7300 0.002232
7400 0.002232
7500 0.002232
7600 0.002232
7700 0.002232
7800 0.002232
7900 0.002232
8000 0.002232
8100 0.002232
8200 0.002232
8300 0.002232
8400 0.002232
8500 0.002232
8600 0.002232
8700 0.002232
8800 0.002232
8900 0.002232
9000 0.002232
9100 0.002232
9200 0.002232
9300 0.002232
9400 0.002232
9500 0.002232
9600 0.002232
9700 0.002232
9800 0.002232
9900 0.002232
10000 0.002232
10100 0.002232
10200 0.002232
10300 0.002232
10400 0.002232
10500 0.002232
10600 0.002232
10700 0.002232
10800 0.002232
10900 0.002232
11000 0.002232
11100 0.002232
11200 0.002232
11300 0.002232
11400 0.002232
11500 0.002232
11600 0.002232
11700 0.002232
11800 0.002232
11900 0.002232
12000 0.002232
12100 0.002232
12200 0.002232
12300 0.002232
12400 0.002232
12500 0.002232
12600 0.002232
12700 0.002232
12800 0.002232
12900 0.002232
13000 0.002232
13100 0.002232
13200 0.002232
13300 0.002232
13400 0.002232
13500 0.002232
13600 0.002232
13700 0.002232
13800 0.002232
13900 0.002232
14000 0.002232
14100 0.002232
14200 0.002232
14300 0.002232
14400 0.002232
14500 0.002232
14600 0.002232
14700 0.002232
14800 0.002232
14900 0.002232
15000 0.002232
15100 0.002232
15200 0.002232
15300 0.002232
15400 0.002232
15500 0.002232
15600 0.002232
15700 0.002232
15800 0.002232
15900 0.002232
16000 0.002232
16100 0.002232
16200 0.002232
16300 0.002232
16400 0.002232
16500 0.002232
16600 0.002232
16700 0.002232
16800 0.002232
16900 0.002232
17000 0.002232
17100 0.002232
17200 0.002232
17300 0.002232
17400 0.002232
17500 0.002232
17600 0.002232
17700 0.002232
17800 0.002232
17900 0.002232
18000 0.002232
18100 0.002232
18200 0.002232
18300 0.002232
18400 0.002232
18500 0.002232
18600 0.002232
18700 0.002232
18800 0.002232
18900 0.002232
19000 0.002232
19100 0.002232
19200 0.002232
19300 0.002232
19400 0.002232
19500 0.002232
19600 0.002232
19700 0.002232
19800 0.002232
19900 0.002232
20000 0.002232
20100 0.002232
20200 0.002232
20300 0.002232
20400 0.002232
20500 0.002232
20600 0.002232
20700 0.002232
20800 0.002232
20900 0.002232
21000 0.002232
21100 0.002232
21200 0.002232
21300 0.002232
21400 0.002232
21500 0.002232
21600 0.002232
21700 0.002232
21800 0.002232
21900 0.002232
22000 0.002232
22100 0.002232
22200 0.002232
22300 0.002232
22400 0.002232
22500 0.002232
22600 0.002232
22700 0.002232
22800 0.002232
22900 0.002232
23000 0.002232
23100 0.002232
23200 0.002232
23300 0.002232
23400 0.002232
23500 0.002232
23600 0.002232
23700 0.002232
23800 0.002232
23900 0.002232
24000 0.002232
24100 0.002232
24200 0.002232
24300 0.002232
24400 0.002232
24500 0.002232
24600 0.002232
24700 0.002232
24800 0.002232
24900 0.002232
25000 0.002232
25100 0.002232
25200 0.002232
25300 0.002232
25400 0.002232
25500 0.002232
25600 0.002232
25700 0.002232
25800 0.002232
25900 0.002232
26000 0.002232
26100 0.002232
26200 0.002232
26300 0.002232
26400 0.002232
26500 0.002232
26600 0.002232
26700 0.002232
26800 0.002232
26900 0.002232
27000 0.002232
27100 0.002232
27200 0.002232
27300 0.002232
27400 0.002232
27500 0.002232
27600 0.002232
27700 0.002232
27800 0.002232
27900 0.002232
28000 0.002232
28100 0.002232
28200 0.002232
28300 0.002232
28400 0.002232
28500 0.002232
28600 0.002232
28700 0.002232
28800 0.002232
28900 0.002232
29000 0.002232
29100 0.002232
29200 0.002232
29300 0.002232
29400 0.002232
29500 0.002232
29600 0.002232
29700 0.002232
29800 0.002232
29900 0.002232
30000 0.002232
30100 0.002232
30200 0.002232
30300 0.002232
30400 0.002232
30500 0.002232
30600 0.002232
30700 0.002232
30800 0.002232
30900 0.002232
31000 0.002232
31100 0.002232
31200 0.002232
31300 0.002232
31400 0.002232
31500 0.002232
31600 0.002232
31700 0.002232
31800 0.002232
31900 0.002232
32000 0.002232
32100 0.002232
32200 0.002232
32300 0.002232
32400 0.002232
32500 0.002232
32600 0.002232
32700 0.002232
32800 0.002232
32900 0.002232
33000 0.002232
33100 0.002232
33200 0.002232
33300 0.002232
33400 0.002232
33500 0.002232
33600 0.002232
33700 0.002232
33800 0.002232
33900 0.002232
34000 0.002232
34100 0.002232
34200 0.002232
34300 0.002232
34400 0.002232
34500 0.002232
34600 0.002232
34700 0.002232
34800 0.002232
34900 0.002232
35000 0.002232
35100 0.002232
35200 0.002232
35300 0.002232
35400 0.002232
35500 0.002232
35600 0.002232
35700 0.002232
35800 0.002232
35900 0.002232
36000 0.002232
