100 0.763806
200 0.754971
300 0.787811
400 0.805436
500 0.853694
600 0.850212
700 0.859426
800 0.900227
900 0.916394
1000 0.911544
1100 0.906208
1200 0.903194
1300 0.914411
1400 0.910941
1500 0.904926
1600 0.917030
1700 0.919572
1800 0.909960
1900 0.901888
2000 0.899060
2100 0.911704
2200 0.920595
2300 0.920114
2400 0.920897
2500 0.918311
2600 0.910284
2700 0.906077
2800 0.904604
2900 0.903452
3000 0.905079
3100 0.902740
3200 0.908870
3300 0.910233
3400 0.921978
3500 0.925632
3600 0.931281
3700 0.935889
3800 0.939403
3900 0.944591
4000 0.954096
4100 0.953752
4200 0.951928
4300 0.954121
4400 0.955092
4500 0.952199
4600 0.947973
4700 0.947385
4800 0.949436
4900 0.949256
5000 0.950481
5100 0.948880
5200 0.948455
5300 0.949999
5400 0.952747
5500 0.953578
5600 0.953357
5700 0.959808
5800 0.963131
5900 0.962480
6000 0.961222
6100 0.958145
6200 0.957384
6300 0.954457
6400 0.951913
6500 0.948958
6600 0.947273
6700 0.946996
6800 0.945255
6900 0.941836
7000 0.942171
7100 0.943264
7200 0.943043
7300 0.943248
7400 0.943827
7500 0.944471
7600 0.947604
7700 0.948469
7800 0.953286
7900 0.952765
8000 0.954393
8100 0.955563
8200 0.956582
8300 0.957279
8400 0.955999
8500 0.952783
8600 0.950895
8700 0.947750
8800 0.946418
8900 0.945476
9000 0.943515
9100 0.942564
9200 0.942738
9300 0.940572
9400 0.940168
9500 0.942627
9600 0.943579
9700 0.943969
9800 0.944905
9900 0.944689
10000 0.944757
10100 0.943333
10200 0.941954
10300 0.941552
10400 0.942380
10500 0.943032
10600 0.945227
10700 0.948599
10800 0.948742
10900 0.948769
11000 0.948907
11100 0.946674
11200 0.945983
11300 0.945030
11400 0.944564
11500 0.945801
11600 0.944941
11700 0.944441
11800 0.943522
11900 0.942919
12000 0.943512
12100 0.946457
12200 0.950000
12300 0.952078
12400 0.952428
12500 0.952702
12600 0.952475
12700 0.950647
12800 0.950282
12900 0.950855
13000 0.950350
13100 0.949801
13200 0.949577
13300 0.949084
13400 0.949409
13500 0.950102
13600 0.948944
13700 0.947069
13800 0.945968
13900 0.946602
14000 0.946569
14100 0.946091
14200 0.946975
14300 0.947850
14400 0.948663
14500 0.950448
14600 0.950138
14700 0.949947
14800 0.948593
14900 0.948057
15000 0.948347
15100 0.949244
15200 0.950468
15300 0.951524
15400 0.953758
15500 0.954610
15600 0.954152
15700 0.954028
15800 0.955180
15900 0.957159
16000 0.958765
16100 0.958002
16200 0.957125
16300 0.957063
16400 0.957152
16500 0.957059
16600 0.955317
16700 0.953650
16800 0.953420
16900 0.954054
17000 0.954375
17100 0.953634
17200 0.953225
17300 0.952244
17400 0.951240
17500 0.950531
17600 0.950239
17700 0.950424
17800 0.952130
17900 0.952927
18000 0.954296
18100 0.955797
18200 0.955022
18300 0.954626
18400 0.954824
18500 0.954239
18600 0.954017
18700 0.954219
18800 0.953891
18900 0.953917
19000 0.953791
19100 0.952488
19200 0.953340
19300 0.953300
19400 0.953569
19500 0.954261
19600 0.955039
19700 0.955028
19800 0.955569
19900 0.955934
20000 0.955207
20100 0.954055
20200 0.954262
20300 0.954487
20400 0.954836
20500 0.955310
20600 0.955489
20700 0.956532
20800 0.956409
20900 0.955761
21000 0.955238
21100 0.954174
21200 0.953930
21300 0.953129
21400 0.952779
21500 0.952540
21600 0.951984
21700 0.952148
21800 0.953370
21900 0.954514
22000 0.954319
22100 0.954554
22200 0.954406
22300 0.953610
22400 0.953299
22500 0.953356
22600 0.955461
22700 0.955587
22800 0.955677
22900 0.955534
23000 0.956496
23100 0.957512
23200 0.957710
23300 0.956998
23400 0.956795
23500 0.956958
23600 0.956322
23700 0.957369
23800 0.957625
23900 0.957344
24000 0.956860
24100 0.956699
24200 0.956748
24300 0.956359
24400 0.956042
24500 0.956319
24600 0.957308
24700 0.957286
24800 0.958433
24900 0.958497
25000 0.958292
25100 0.958284
25200 0.958056
25300 0.957556
25400 0.956726
25500 0.956163
25600 0.956171
25700 0.955662
25800 0.955446
25900 0.955047
26000 0.954935
26100 0.954211
26200 0.954007
26300 0.953982
26400 0.953766
26500 0.952711
26600 0.952564
26700 0.952281
26800 0.952158
26900 0.952500
27000 0.952446
27100 0.951651
27200 0.951533
27300 0.951309
27400 0.951253
27500 0.951434
27600 0.951274
27700 0.950535
27800 0.949721
27900 0.949874
28000 0.950330
28100 0.949845
28200 0.949105
28300 0.948823
28400 0.948408
28500 0.948339
28600 0.947437
28700 0.947299
28800 0.948240
28900 0.948108
29000 0.947927
29100 0.947868
29200 0.948363
29300 0.949159
29400 0.949492
29500 0.949373
29600 0.948798
29700 0.948069
29800 0.947735
29900 0.947022
30000 0.946297
30100 0.946827
30200 0.946867
30300 0.946420
30400 0.945736
30500 0.946141
30600 0.946403
30700 0.946096
30800 0.946009
30900 0.945985
31000 0.946161
31100 0.946287
31200 0.946507
31300 0.945934
31400 0.946255
31500 0.947876
31600 0.948026
31700 0.947486
31800 0.946472
31900 0.946369
32000 0.945653
32100 0.945452
32200 0.945029
32300 0.945099
32400 0.944907
32500 0.944881
32600 0.944437
32700 0.943735
32800 0.943107
32900 0.942460
33000 0.941964
33100 0.942978
33200 0.944072
33300 0.943919
33400 0.944777
33500 0.945513
33600 0.945550
33700 0.945163
33800 0.944583
33900 0.944192
34000 0.944058
34100 0.944228
34200 0.944383
34300 0.944218
34400 0.943796
34500 0.944466
34600 0.944706
34700 0.944904
34800 0.945151
34900 0.945586
35000 0.945514
35100 0.945718
35200 0.945887
35300 0.945570
35400 0.945919
35500 0.946325
35600 0.946727
35700 0.946338
35800 0.946619
35900 0.946587
36000 0.946209
