100 1.304227
200 1.310797
300 1.307548
400 1.276737
500 1.297886
600 1.294864
700 1.290029
800 1.269885
900 1.270565
1000 1.273030
1100 1.278425
1200 1.284569
1300 1.297599
1400 1.294510
1500 1.302103
1600 1.312151
1700 1.312124
1800 1.311954
1900 1.312836
2000 1.315342
2100 1.314945
2200 1.310162
2300 1.309984
2400 1.312290
2500 1.314128
2600 1.316755
2700 1.319700
2800 1.320901
2900 1.324266
3000 1.325367
3100 1.326285
3200 1.327399
3300 1.322570
3400 1.320479
3500 1.318996
3600 1.322832
3700 1.321519
3800 1.319015
3900 1.321380
4000 1.320459
4100 1.323799
4200 1.322558
4300 1.319422
4400 1.316295
4500 1.322919
4600 1.332322
4700 1.337209
4800 1.336852
4900 1.340475
5000 1.341676
5100 1.343635
5200 1.340691
5300 1.344114
5400 1.347213
5500 1.347885
5600 1.344904
5700 1.342555
5800 1.338818
5900 1.334213
6000 1.331868
6100 1.331337
6200 1.330132
6300 1.328952
6400 1.328652
6500 1.329559
6600 1.332345
6700 1.332704
6800 1.332479
6900 1.331841
7000 1.332170
7100 1.331770
7200 1.331195
7300 1.329998
7400 1.332878
7500 1.333628
7600 1.335410
7700 1.339416
7800 1.339889
7900 1.340108
8000 1.339045
8100 1.338657
8200 1.336301
8300 1.337206
8400 1.337785
8500 1.338447
8600 1.338826
8700 1.338770
8800 1.338119
8900 1.336896
9000 1.337347
9100 1.337311
9200 1.336586
9300 1.336155
9400 1.335750
9500 1.337119
9600 1.336587
9700 1.335583
9800 1.336348
9900 1.335057
10000 1.335167
10100 1.336298
10200 1.335304
10300 1.332920
10400 1.331897
10500 1.333738
10600 1.333791
10700 1.335449
10800 1.336686
10900 1.336262
11000 1.335448
11100 1.334969
11200 1.336360
11300 1.339024
11400 1.337314
11500 1.338865
11600 1.338993
11700 1.339485
11800 1.340567
11900 1.340544
12000 1.341273
12100 1.341110
12200 1.340358
12300 1.340475
12400 1.342935
12500 1.342991
12600 1.341683
12700 1.341527
12800 1.342724
12900 1.344033
13000 1.345095
13100 1.348213
13200 1.351418
13300 1.352650
13400 1.354373
13500 1.355088
13600 1.354187
13700 1.352944
13800 1.351254
13900 1.350386
14000 1.348953
14100 1.348864
14200 1.348683
14300 1.348765
14400 1.349458
14500 1.350312
14600 1.350468
14700 1.350249
14800 1.350249
14900 1.350679
15000 1.351258
15100 1.351486
15200 1.350734
15300 1.351295
15400 1.353104
15500 1.352505
15600 1.353292
15700 1.353000
15800 1.353592
15900 1.354514
16000 1.354673
16100 1.354763
16200 1.354501
16300 1.356114
16400 1.355895
16500 1.355047
16600 1.355578
16700 1.355568
16800 1.356734
16900 1.356778
17000 1.357086
17100 1.358019
17200 1.357626
17300 1.358338
17400 1.357409
17500 1.357242
17600 1.356746
17700 1.356813
17800 1.356173
17900 1.355401
18000 1.354870
18100 1.354032
18200 1.353087
18300 1.354327
18400 1.356914
18500 1.359303
18600 1.360532
18700 1.361743
18800 1.362734
18900 1.362703
19000 1.361149
19100 1.360228
19200 1.359494
19300 1.358559
19400 1.358494
19500 1.358446
19600 1.358103
19700 1.359128
19800 1.360386
19900 1.359746
20000 1.358731
20100 1.358287
20200 1.357417
20300 1.356528
20400 1.356554
20500 1.356378
20600 1.356068
20700 1.356229
20800 1.355938
20900 1.355698
21000 1.355817
21100 1.354825
21200 1.354023
21300 1.353082
21400 1.353262
21500 1.352463
21600 1.352251
21700 1.352127
21800 1.351985
21900 1.351777
22000 1.351047
22100 1.351266
22200 1.351667
22300 1.351536
22400 1.351230
22500 1.351934
22600 1.352335
22700 1.353775
22800 1.354017
22900 1.353650
23000 1.353836
23100 1.354165
23200 1.353633
23300 1.353982
23400 1.353283
23500 1.352466
23600 1.352216
23700 1.351356
23800 1.350823
23900 1.350321
24000 1.349826
24100 1.349963
24200 1.349701
24300 1.349930
24400 1.349642
24500 1.349732
24600 1.350045
24700 1.350409
24800 1.350126
24900 1.349710
25000 1.349584
25100 1.349171
25200 1.349180
25300 1.348965
25400 1.349215
25500 1.349525
25600 1.349757
25700 1.349597
25800 1.349561
25900 1.350258
26000 1.350602
26100 1.350606
26200 1.350208
26300 1.349535
26400 1.349064
26500 1.348418
26600 1.348022
26700 1.348154
26800 1.347999
26900 1.348948
27000 1.348974
27100 1.348976
27200 1.349177
27300 1.349673
27400 1.349665
27500 1.349845
27600 1.349463
27700 1.348709
27800 1.348117
27900 1.348558
28000 1.348745
28100 1.348878
28200 1.348613
28300 1.348893
28400 1.349556
28500 1.349297
28600 1.348632
28700 1.348517
28800 1.347866
28900 1.347936
29000 1.348050
29100 1.348066
29200 1.347932
29300 1.347776
29400 1.347324
29500 1.346757
29600 1.346762
29700 1.347253
29800 1.347441
29900 1.347255
30000 1.346802
30100 1.346921
30200 1.347150
30300 1.347077
30400 1.346642
30500 1.347053
30600 1.347128
30700 1.347414
30800 1.347552
30900 1.347623
31000 1.348414
31100 1.348213
31200 1.348318
31300 1.348121
31400 1.347902
31500 1.347544
31600 1.347161
31700 1.346922
31800 1.346955
31900 1.347924
32000 1.347480
32100 1.347377
32200 1.347185
32300 1.347325
32400 1.347144
32500 1.347190
32600 1.347299
32700 1.347191
32800 1.347465
32900 1.347469
33000 1.347100
33100 1.347061
33200 1.347665
33300 1.347573
33400 1.347583
33500 1.348136
33600 1.348081
33700 1.347186
33800 1.346964
33900 1.346771
34000 1.346392
34100 1.346331
34200 1.347191
34300 1.346820
34400 1.346258
34500 1.346184
34600 1.346323
34700 1.346426
34800 1.346125
34900 1.346089
35000 1.345715
35100 1.345872
35200 1.346004
35300 1.346045
35400 1.346283
35500 1.346137
35600 1.346158
35700 1.346160
35800 1.346309
35900 1.345737
36000 1.345434
