100 0.250794
200 0.248106
300 0.230379
400 0.209217
500 0.233434
600 0.229341
700 0.221515
800 0.207382
900 0.203014
1000 0.204165
1100 0.210950
1200 0.220606
1300 0.229246
1400 0.227124
1500 0.235828
1600 0.251440
1700 0.256445
1800 0.258768
1900 0.255935
2000 0.256334
2100 0.259014
2200 0.253973
2300 0.252654
2400 0.254189
2500 0.253897
2600 0.258401
2700 0.260769
2800 0.264547
2900 0.268304
3000 0.267953
3100 0.268511
3200 0.270742
3300 0.267405
3400 0.265583
3500 0.265045
3600 0.267453
3700 0.267347
3800 0.265117
3900 0.266794
4000 0.266207
4100 0.267697
4200 0.265892
4300 0.263079
4400 0.259970
4500 0.265742
4600 0.274680
4700 0.279447
4800 0.280132
4900 0.284238
5000 0.283407
5100 0.285211
5200 0.282580
5300 0.285542
5400 0.287906
5500 0.288825
5600 0.287124
5700 0.284850
5800 0.280921
5900 0.277151
6000 0.274872
6100 0.274004
6200 0.272918
6300 0.271810
6400 0.271900
6500 0.272292
6600 0.274753
6700 0.275895
6800 0.276475
6900 0.275567
7000 0.275469
7100 0.275468
7200 0.274270
7300 0.273767
7400 0.276648
7500 0.277676
7600 0.279433
7700 0.284223
7800 0.284673
7900 0.284795
8000 0.283591
8100 0.283916
8200 0.281411
8300 0.282222
8400 0.282681
8500 0.282973
8600 0.283497
8700 0.283359
8800 0.282417
8900 0.280796
9000 0.281107
9100 0.281897
9200 0.281136
9300 0.281330
9400 0.281005
9500 0.282699
9600 0.282303
9700 0.281514
9800 0.282269
9900 0.280899
10000 0.280943
10100 0.282368
10200 0.282034
10300 0.280112
10400 0.278466
10500 0.280373
10600 0.280763
10700 0.282063
10800 0.282462
10900 0.281717
11000 0.281310
11100 0.280721
11200 0.282311
11300 0.284889
11400 0.283621
11500 0.285277
11600 0.285515
11700 0.286323
11800 0.287187
11900 0.286913
12000 0.288005
12100 0.287273
12200 0.286440
12300 0.286624
12400 0.289082
12500 0.289784
12600 0.288669
12700 0.288730
12800 0.290199
12900 0.291530
13000 0.292502
13100 0.295000
13200 0.297782
13300 0.299500
13400 0.301484
13500 0.302180
13600 0.301349
13700 0.300103
13800 0.298422
13900 0.297507
14000 0.295969
14100 0.295754
14200 0.295706
14300 0.295964
14400 0.296697
14500 0.297500
14600 0.297745
14700 0.297265
14800 0.297292
14900 0.297924
15000 0.298586
15100 0.298802
15200 0.297963
15300 0.298136
15400 0.299381
15500 0.298823
15600 0.299685
15700 0.299598
15800 0.300298
15900 0.300957
16000 0.301069
16100 0.301416
16200 0.301283
16300 0.303134
16400 0.303025
16500 0.302079
16600 0.302306
16700 0.302394
16800 0.303465
16900 0.303178
17000 0.303623
17100 0.304269
17200 0.304005
17300 0.304780
17400 0.303994
17500 0.303557
17600 0.303061
17700 0.302892
17800 0.302222
17900 0.301380
18000 0.300888
18100 0.299919
18200 0.299115
18300 0.300262
18400 0.302493
18500 0.305034
18600 0.306192
18700 0.307481
18800 0.308606
18900 0.308762
19000 0.307232
19100 0.306351
19200 0.305818
19300 0.304618
19400 0.304463
19500 0.304233
19600 0.304006
19700 0.304907
19800 0.306188
19900 0.305703
20000 0.304719
20100 0.304627
20200 0.303704
20300 0.302893
20400 0.302821
20500 0.302500
20600 0.301964
20700 0.302127
20800 0.301933
20900 0.301763
21000 0.302038
21100 0.301246
21200 0.300283
21300 0.299423
21400 0.299487
21500 0.299108
21600 0.298711
21700 0.298301
21800 0.298212
21900 0.297668
22000 0.296820
22100 0.297192
22200 0.297630
22300 0.297592
22400 0.297429
22500 0.298000
22600 0.298175
22700 0.299496
22800 0.299792
22900 0.299562
23000 0.299622
23100 0.300021
23200 0.299251
23300 0.299675
23400 0.299175
23500 0.298402
23600 0.297683
23700 0.296837
23800 0.296284
23900 0.295769
24000 0.295262
24100 0.295487
24200 0.295120
24300 0.295358
24400 0.294694
24500 0.294506
24600 0.294909
24700 0.295119
24800 0.295025
24900 0.294793
25000 0.294386
25100 0.293973
25200 0.293885
25300 0.293550
25400 0.293736
25500 0.294198
25600 0.294555
25700 0.294355
25800 0.294472
25900 0.295196
26000 0.295270
26100 0.295270
26200 0.295112
26300 0.294542
26400 0.293911
26500 0.293297
26600 0.292754
26700 0.292790
26800 0.292654
26900 0.293581
27000 0.293696
27100 0.293879
27200 0.294008
27300 0.294422
27400 0.294417
27500 0.294535
27600 0.294108
27700 0.293386
27800 0.292774
27900 0.293364
28000 0.293445
28100 0.293702
28200 0.293599
28300 0.293923
28400 0.294441
28500 0.293847
28600 0.293197
28700 0.293272
28800 0.292627
28900 0.292656
29000 0.292705
29100 0.292726
29200 0.292462
29300 0.292195
29400 0.291713
29500 0.290883
29600 0.290944
29700 0.291520
29800 0.291681
29900 0.291641
30000 0.291377
30100 0.291485
30200 0.291834
30300 0.291760
30400 0.291380
30500 0.291707
30600 0.291882
30700 0.292179
30800 0.292333
30900 0.292511
31000 0.293156
31100 0.293056
31200 0.293082
31300 0.292940
31400 0.292647
31500 0.292282
31600 0.291780
31700 0.291506
31800 0.291402
31900 0.292247
32000 0.291983
32100 0.291722
32200 0.291532
32300 0.291672
32400 0.291533
32500 0.291499
32600 0.291529
32700 0.291541
32800 0.291821
32900 0.291725
33000 0.291225
33100 0.291304
33200 0.291912
33300 0.291795
33400 0.291899
33500 0.292571
33600 0.292787
33700 0.292008
33800 0.291712
33900 0.291536
34000 0.291145
34100 0.291023
34200 0.291739
34300 0.291454
34400 0.290899
34500 0.290904
34600 0.291112
34700 0.291081
34800 0.290888
34900 0.290834
35000 0.290430
35100 0.290611
35200 0.290754
35300 0.290652
35400 0.290863
35500 0.290827
35600 0.290897
35700 0.290680
35800 0.290763
35900 0.290306
36000 0.290050
