100 0.00000000000019595436
200 0.00000000000234165465
300 0.00000000000039157566
400 0.00000000000118186017
500 0.00000000000026459390
600 0.00000000000204594675
700 0.00000000001054586973
800 0.00000000000470973260
900 0.00000000001045788456
1000 0.00000000000779412646
1100 0.00000000000815131296
1200 0.00000000002145100764
1300 0.00000000001376260217
1400 0.00000000001955136053
1500 0.00000000001908589953
1600 0.00000000000058109073
1700 0.00000000000502947684
1800 0.00000000000715938420
1900 0.00000000000181288318
2000 0.00000000000691635638
2100 0.00000000000079747320
2200 0.00000000001009964334
2300 0.00000000000487188068
2400 0.00000000000145050638
2500 0.00000000000696936953
2600 0.00000000001591360377
2700 0.00000000000147343249
2800 0.00000000000108074660
2900 0.00000000004911604456
3000 0.00000000000739530659
3100 0.00000000002063033078
3200 0.00000000002405903254
3300 0.00000000001248146031
3400 0.00000000000895111762
3500 0.00000000002150818412
3600 0.00000000003101463530
3700 0.00000000002170996716
3800 0.00000000000188532523
3900 0.00000000000174116277
4000 0.00000000001421851525
4100 0.00000000001358713142
4200 0.00000000002080319250
4300 0.00000000000696670499
4400 0.00000000000302774472
4500 0.00000000004237626916
4600 0.00000000002267630528
4700 0.00000000002631067586
4800 0.00000000001873451394
4900 0.00000000001619593348
5000 0.00000000000351529916
5100 0.00000000000607536244
5200 0.00000000000237421194
5300 0.00000000000634192698
5400 0.00000000000675909329
5500 0.00000000000290550917
5600 0.00000000004525624320
5700 0.00000000002909728014
5800 0.00000000000062821970
5900 0.00000000001847871856
6000 0.00000000001211308831
6100 0.00000000005165312622
6200 0.00000000002916722419
6300 0.00000000001130218141
6400 0.00000000003755740163
6500 0.00000000001303457342
6600 0.00000000001440292330
6700 0.00000000004170380707
6800 0.00000000003486849698
6900 0.00000000002206484995
7000 0.00000000000363920005
7100 0.00000000004799094455
7200 0.00000000002707112312
7300 0.00000000001201266864
7400 0.00000000000186539673
7500 0.00000000001929706395
7600 0.00000000000347055717
7700 0.00000000001070088462
7800 0.00000000003523636938
7900 0.00000000002268418786
8000 0.00000000003116451541
8100 0.00000000002840438995
8200 0.00000000008572165200
8300 0.00000000001746336409
8400 0.00000000015908468987
8500 0.00000000007232753285
8600 0.00000000009806916390
8700 0.00000000014043199936
8800 0.00000000000945932221
8900 0.00000000009649736565
9000 0.00000000009067158135
9100 0.00000000011240014475
9200 0.00000000014657514091
9300 0.00000000004969580303
9400 0.00000000010338691014
9500 0.00000000002759059647
9600 0.00000000012935452709
9700 0.00000000000639116537
9800 0.00000000010468714784
9900 0.00000000007491318677
10000 0.00000000010161188557
10100 0.00000000006631872829
10200 0.00000000007845074590
10300 0.00000000002531275189
10400 0.00000000005523026481
10500 0.00000000015532664044
10600 0.00000000004244443685
10700 0.00000000000837990788
10800 0.00000000009669970380
10900 0.00000000010193701439
11000 0.00000000019432910836
11100 0.00000000004576461432
11200 0.00000000017952400677
11300 0.00000000007564110449
11400 0.00000000004380285024
11500 0.00000000012323020382
11600 0.00000000004781947061
11700 0.00000000027021385129
11800 0.00000000013816625621
11900 0.00000000012177153730
12000 0.00000000013924317255
12100 0.00000000005946754200
12200 0.00000000011983503079
12300 0.00000000007452310991
12400 0.00000000012709483466
12500 0.00000000012695683393
12600 0.00000000003946648564
12700 0.00000000005910155698
12800 0.00000000014357420808
12900 0.00000000003235928192
13000 0.00000000012156681217
13100 0.00000000005637157408
13200 0.00000000003933225967
13300 0.00000000014826723183
13400 0.00000000012027390195
13500 0.00000000011184281279
13600 0.00000000014942741489
13700 0.00000000015844237033
13800 0.00000000020868357042
13900 0.00000000022016277690
14000 0.00000000014033413320
14100 0.00000000020335128026
14200 0.00000000016143769654
14300 0.00000000012276590855
14400 0.00000000017008222608
14500 0.00000000010692358110
14600 0.00000000014198558995
14700 0.00000000019398610496
14800 0.00000000010592621225
14900 0.00000000027958890758
15000 0.00000000026552504639
15100 0.00000000012856676834
15200 0.00000000004274697263
15300 0.00000000013686490830
15400 0.00000000016677942360
15500 0.00000000011930301191
15600 0.00000000002377981145
15700 0.00000000014753775979
15800 0.00000000008357886605
15900 0.00000000022434210045
16000 0.00000000006338707337
16100 0.00000000026289109778
16200 0.00000000009877099139
16300 0.00000000005302019934
16400 0.00000000005484551702
16500 0.00000000008574335686
16600 0.00000000005376349366
16700 0.00000000023968405038
16800 0.00000000006425227017
16900 0.00000000009463668738
17000 0.00000000005840228301
17100 0.00000000003763511724
17200 0.00000000006284850418
17300 0.00000000016921763990
17400 0.00000000001553385198
17500 0.00000000010534600969
17600 0.00000000013693790546
17700 0.00000000002132932719
17800 0.00000000005955258509
17900 0.00000000016916901213
18000 0.00000000016548756809
18100 0.00000000024581997549
18200 0.00000000009250911148
18300 0.00000000003097738732
18400 0.00000000007473682784
18500 0.00000000015109596907
18600 0.00000000002959288370
18700 0.00000000022512325337
18800 0.00000000015228496242
18900 0.00000000014556217343
19000 0.00000000002523176112
19100 0.00000000005346717513
19200 0.00000000021304047415
19300 0.00000000002510364139
19400 0.00000000007127504142
19500 0.00000000003124600578
19600 0.00000000012281403672
19700 0.00000000020196583295
19800 0.00000000002651490139
19900 0.00000000018049989281
20000 0.00000000001649724801
20100 0.00000000008633221915
20200 0.00000000007213107889
20300 0.00000000015835266431
20400 0.00000000001419336870
20500 0.00000000011414524881
20600 0.00000000010191558708
20700 0.00000000021629847913
20800 0.00000000007863659723
20900 0.00000000002988981285
21000 0.00000000020168983150
21100 0.00000000006317557588
21200 0.00000000004264405495
21300 0.00000000000779609710
21400 0.00000000000018163249
21500 0.00000000001133615424
21600 0.00000000017495893623
21700 0.00000000007790929013
21800 0.00000000008198763890
21900 0.00000000000976396741
22000 0.00000000017394047314
22100 0.00000000010851830545
22200 0.00000000027883095832
22300 0.00000000002259664678
22400 0.00000000014809165005
22500 0.00000000011247830445
22600 0.00000000004289879563
22700 0.00000000019794055284
22800 0.00000000006303191302
22900 0.00000000009494993680
23000 0.00000000005123906854
23100 0.00000000010422424035
23200 0.00000000003271760640
23300 0.00000000011953998902
23400 0.00000000025405832993
23500 0.00000000007572620309
23600 0.00000000017456452950
23700 0.00000000028642116456
23800 0.00000000012466333521
23900 0.00000000024429580581
24000 0.00000000015385598351
24100 0.00000000003097450074
24200 0.00000000000062644334
24300 0.00000000009184797367
24400 0.00000000008495659731
24500 0.00000000018121165679
24600 0.00000000002788314024
24700 0.00000000024190838221
24800 0.00000000008149525499
24900 0.00000000005765449229
25000 0.00000000004924960439
25100 0.00000000011271911182
25200 0.00000000010630557545
25300 0.00000000016477119669
25400 0.00000000005066780329
25500 0.00000000003552513839
25600 0.00000000019699081255
25700 0.00000000031496905084
25800 0.00000000012670259286
25900 0.00000000003306988017
26000 0.00000000019655521655
26100 0.00000000004889327831
26200 0.00000000020080970220
26300 0.00000000017012646847
26400 0.00000000015812301468
26500 0.00000000009182032912
26600 0.00000000025805257931
26700 0.00000000007605588381
26800 0.00000000006818784426
26900 0.00000000005059563879
27000 0.00000000009839390414
27100 0.00000000011313933124
27200 0.00000000019942553164
27300 0.00000000006414574427
27400 0.00000000004912137364
27500 0.00000000017774870464
27600 0.00000000012241690994
27700 0.00000000021605495171
27800 0.00000000002515976316
27900 0.00000000024017637879
28000 0.00000000010070738687
28100 0.00000000021824270169
28200 0.00000000016793161306
28300 0.00000000007019579362
28400 0.00000000001701999652
28500 0.00000000009581718752
28600 0.00000000004327155301
28700 0.00000000001525884974
28800 0.00000000006872602487
28900 0.00000000015080053872
29000 0.00000000003180833374
29100 0.00000000006532252517
29200 0.00000000002222483309
29300 0.00000000001507549641
29400 0.00000000003621475342
29500 0.00000000004390532382
29600 0.00000000000789052157
29700 0.00000000034821651118
29800 0.00000000011284317925
29900 0.00000000001225908264
30000 0.00000000027179564155
30100 0.00000000000775246534
30200 0.00000000020090101804
30300 0.00000000027927954394
30400 0.00000000028490398929
30500 0.00000000031188407412
30600 0.00000000023005708449
30700 0.00000000004585104518
30800 0.00000000020429219427
30900 0.00000000065520477932
31000 0.00000000024501173312
31100 0.00000000015495066341
31200 0.00000000001882322076
31300 0.00000000014355955313
31400 0.00000000035711933410
31500 0.00000000024739521542
31600 0.00000000009864220551
31700 0.00000000005543643322
31800 0.00000000003667122161
31900 0.00000000013254564113
32000 0.00000000004184796953
32100 0.00000000018167495286
32200 0.00000000009045780791
32300 0.00000000005074446419
32400 0.00000000015430190459
32500 0.00000000016740603348
32600 0.00000000007966277638
32700 0.00000000010449879850
32800 0.00000000016758877619
32900 0.00000000000643490816
33000 0.00000000001757910484
33100 0.00000000043827780294
33200 0.00000000030615066038
33300 0.00000000003344202693
33400 0.00000000019429785558
33500 0.00000000022906448960
33600 0.00000000003935274329
33700 0.00000000035841640766
33800 0.00000000004480948945
33900 0.00000000028082552950
34000 0.00000000017128437557
34100 0.00000000004799555198
34200 0.00000000029199648255
34300 0.00000000023797463999
34400 0.00000000010820272456
34500 0.00000000036790132052
34600 0.00000000011150302903
34700 0.00000000001043454212
34800 0.00000000038512110168
34900 0.00000000015080947602
35000 0.00000000000487115903
35100 0.00000000005072542386
35200 0.00000000003842187679
35300 0.00000000013187140269
35400 0.00000000024674712273
35500 0.00000000010707695841
35600 0.00000000015507084505
35700 0.00000000032625435686
35800 0.00000000010482104074
35900 0.00000000010703943287
36000 0.00000000000350319773
