100 0.00000000003000266702
200 0.00000000006179257106
300 0.00000000022773760655
400 0.00000000004201838877
500 0.00000000009584932847
600 0.00000000039295566800
700 0.00000000068023697786
800 0.00000000077520234676
900 0.00000000182374360058
1000 0.00000000161405244725
1100 0.00000000278512524154
1200 0.00000000234843278157
1300 0.00000000389706245052
1400 0.00000000329378280206
1500 0.00000000178813164275
1600 0.00000000117211196304
1700 0.00000000003681810412
1800 0.00000000157304236303
1900 0.00000000353864648694
2000 0.00000000168374558740
2100 0.00000000393828281098
2200 0.00000000521670373566
2300 0.00000000274017941670
2400 0.00000000593280402583
2500 0.00000000550163781199
2600 0.00000000733969129918
2700 0.00000000519891640849
2800 0.00000000685123247024
2900 0.00000001086520895477
3000 0.00000001511442970781
3100 0.00000001470126353986
3200 0.00000001136081007047
3300 0.00000001091039392165
3400 0.00000000759580731646
3500 0.00000001151357253981
3600 0.00000001539773153425
3700 0.00000001889957301771
3800 0.00000001934721827190
3900 0.00000002721323677513
4000 0.00000002506349439102
4100 0.00000002147941646768
4200 0.00000002517164165994
4300 0.00000002117572694971
4400 0.00000001773614677347
4500 0.00000002523150155476
4600 0.00000003574903817416
4700 0.00000003455801289576
4800 0.00000002619378070001
4900 0.00000002118888686731
5000 0.00000002195235992986
5100 0.00000002611147276177
5200 0.00000002095852535966
5300 0.00000002356311723517
5400 0.00000003142560234259
5500 0.00000003164861639426
5600 0.00000003865140274506
5700 0.00000003325429553946
5800 0.00000003016091487673
5900 0.00000003099007694907
6000 0.00000002299655044169
6100 0.00000001951632411235
6200 0.00000002006895116757
6300 0.00000001397550009052
6400 0.00000000330001670434
6500 0.00000000142469303022
6600 0.00000000222620832879
6700 0.00000002093251749713
6800 0.00000001950571149045
6900 0.00000004018686783347
7000 0.00000004606765813264
7100 0.00000004640040507375
7200 0.00000004808984432891
7300 0.00000004270822828722
7400 0.00000004397369135489
7500 0.00000004268553621678
7600 0.00000002993343839464
7700 0.00000003748055865671
7800 0.00000004752400539765
7900 0.00000004319143909193
8000 0.00000004406277187563
8100 0.00000005207232511850
8200 0.00000004947016662982
8300 0.00000003721344299379
8400 0.00000004043075341187
8500 0.00000004252542407102
8600 0.00000003541498339033
8700 0.00000001661572324174
8800 0.00000002359028994370
8900 0.00000003131802306378
9000 0.00000004144837140174
9100 0.00000004253980501190
9200 0.00000005039029438159
9300 0.00000005027961313964
9400 0.00000005240641032245
9500 0.00000004291601185535
9600 0.00000003180733720853
9700 0.00000004402821929261
9800 0.00000004116549612299
9900 0.00000001856268405653
10000 0.00000000976126623975
10100 0.00000000466784011444
10200 0.00000000565551738774
10300 0.00000000421977697229
10400 0.00000000294482904728
10500 0.00000001451698850019
10600 0.00000002684914890416
10700 0.00000002717153457787
10800 0.00000004605362757815
10900 0.00000004116759999562
11000 0.00000005515714240900
11100 0.00000005124660984457
11200 0.00000004762457583851
11300 0.00000005780537959410
11400 0.00000006678533770454
11500 0.00000008270179030490
11600 0.00000008572424148312
11700 0.00000008007810237132
11800 0.00000008304944731918
11900 0.00000005007079684205
12000 0.00000007951734204426
12100 0.00000008750102642452
12200 0.00000010211479062328
12300 0.00000008965078190926
12400 0.00000011155809742647
12500 0.00000010155650898014
12600 0.00000010351895896044
12700 0.00000011962148538380
12800 0.00000011024170532004
12900 0.00000011363984619983
13000 0.00000011130311206031
13100 0.00000012929684833907
13200 0.00000012446800190524
13300 0.00000017660274109765
13400 0.00000016166257821304
13500 0.00000014430605932425
13600 0.00000014787373170400
13700 0.00000014170557327553
13800 0.00000014641705647911
13900 0.00000014626790223460
14000 0.00000012668170468189
14100 0.00000009363809683194
14200 0.00000009913944998274
14300 0.00000007701315363207
14400 0.00000009696568592510
14500 0.00000009014230140103
14600 0.00000008406813178929
14700 0.00000008149021724080
14800 0.00000010012520634817
14900 0.00000011660163190541
15000 0.00000011839220492860
15100 0.00000012090845413759
15200 0.00000011753848294660
15300 0.00000011627958351745
15400 0.00000010431698038715
15500 0.00000009619862595400
15600 0.00000011662833920845
15700 0.00000013387104536022
15800 0.00000016273210112772
15900 0.00000013607910642754
16000 0.00000014342722587379
16100 0.00000014788175328739
16200 0.00000013592098890847
16300 0.00000013013460797850
16400 0.00000012702789953245
16500 0.00000011387580567401
16600 0.00000009509274012665
16700 0.00000010502791036870
16800 0.00000008381269367419
16900 0.00000007064459062178
17000 0.00000007100696608475
17100 0.00000007631805942765
17200 0.00000008621917646501
17300 0.00000012030811036290
17400 0.00000011342274719439
17500 0.00000009830251479492
17600 0.00000008512413440798
17700 0.00000008081644131686
17800 0.00000005301110772571
17900 0.00000007894320885882
18000 0.00000006539995278665
18100 0.00000009321470972878
18200 0.00000011311922820667
18300 0.00000016666120661313
18400 0.00000017943518715313
18500 0.00000020794569088878
18600 0.00000018397515622048
18700 0.00000019005151075113
18800 0.00000013310257340748
18900 0.00000012911354918543
19000 0.00000011183446924079
19100 0.00000011336262084605
19200 0.00000009617369567394
19300 0.00000008892601854882
19400 0.00000003859290154118
19500 0.00000000290128032709
19600 0.00000001515896252968
19700 0.00000002468941762146
19800 0.00000001213047640114
19900 0.00000001013527439753
20000 0.00000001877010480378
20100 0.00000001559623097336
20200 0.00000002139148680413
20300 0.00000002120035857978
20400 0.00000003124354241990
20500 0.00000003987356289592
20600 0.00000000726371651716
20700 0.00000001736895005600
20800 0.00000001138914207388
20900 0.00000002856266845264
21000 0.00000000368538910500
21100 0.00000001560788964738
21200 0.00000002919010988478
21300 0.00000004299833178401
21400 0.00000007386580858082
21500 0.00000008028597853205
21600 0.00000011023306134561
21700 0.00000011239823538567
21800 0.00000015127412500426
21900 0.00000014115352753308
22000 0.00000016284839521319
22100 0.00000014301869422084
22200 0.00000012523883152760
22300 0.00000011373314312557
22400 0.00000010322121823947
22500 0.00000009516072219107
22600 0.00000009219860230836
22700 0.00000009185242522136
22800 0.00000010861696653208
22900 0.00000009112148569024
23000 0.00000007621837605498
23100 0.00000006497185656151
23200 0.00000005326985808018
23300 0.00000003968483985872
23400 0.00000007867589890687
23500 0.00000008561237163640
23600 0.00000007144253455493
23700 0.00000012307275598644
23800 0.00000013566060896864
23900 0.00000013628155315359
24000 0.00000017352938019854
24100 0.00000009986065507839
24200 0.00000006279669095832
24300 0.00000003221832556299
24400 0.00000002477812266477
24500 0.00000005853745532747
24600 0.00000001543977323770
24700 0.00000003695835015805
24800 0.00000001978431551919
24900 0.00000002307423896397
25000 0.00000000063526850447
25100 0.00000006329181112541
25200 0.00000007704023974320
25300 0.00000009576897985752
25400 0.00000009547878820904
25500 0.00000000026265856157
25600 0.00000001674773630889
25700 0.00000004462142944028
25800 0.00000006198739566088
25900 0.00000012561993156801
26000 0.00000003888370403438
26100 0.00000001264242444066
26200 0.00000001152873152499
26300 0.00000000216490003702
26400 0.00000004316048185515
26500 0.00000002300788448650
26600 0.00000003052787311830
26700 0.00000001802358062797
26800 0.00000003324318109676
26900 0.00000005626523402746
27000 0.00000001604527821719
27100 0.00000000688441281760
27200 0.00000006764028248618
27300 0.00000002196234527574
27400 0.00000005118490431499
27500 0.00000005282106285698
27600 0.00000004527982877534
27700 0.00000002869186421783
27800 0.00000003934411685336
27900 0.00000003440178897307
28000 0.00000003576722118481
28100 0.00000009147197710391
28200 0.00000012388511105854
28300 0.00000007172828531132
28400 0.00000008800444195600
28500 0.00000008686201047325
28600 0.00000014520143865049
28700 0.00000015748323822784
28800 0.00000016828018978288
28900 0.00000019502022463591
29000 0.00000022103001384721
29100 0.00000019444254140133
29200 0.00000022951085298928
29300 0.00000023455498276981
29400 0.00000025509379297795
29500 0.00000025427965888447
29600 0.00000024178828206267
29700 0.00000023427586315350
29800 0.00000018174683980021
29900 0.00000012642295366128
30000 0.00000013199763837513
30100 0.00000017186626366517
30200 0.00000013947063037811
30300 0.00000010343790846079
30400 0.00000010341868339481
30500 0.00000012293867546198
30600 0.00000014151542671037
30700 0.00000015373222628234
30800 0.00000014981466089914
30900 0.00000015555564303327
31000 0.00000014695554328981
31100 0.00000017499010662725
31200 0.00000020956373214531
31300 0.00000020751810292374
31400 0.00000022023648660330
31500 0.00000018726468864472
31600 0.00000016723142537423
31700 0.00000020487408147751
31800 0.00000019606491696855
31900 0.00000017588582501560
32000 0.00000021679634198968
32100 0.00000020856827154248
32200 0.00000019662230998918
32300 0.00000021470099142995
32400 0.00000024332611925360
32500 0.00000026078206150082
32600 0.00000021766194691075
32700 0.00000022505136199058
32800 0.00000019845085486025
32900 0.00000018854708905280
33000 0.00000016023315874136
33100 0.00000014900658285022
33200 0.00000023638482971045
33300 0.00000027045910666601
33400 0.00000042115656895270
33500 0.00000033672376575922
33600 0.00000034362774092855
33700 0.00000027191613671818
33800 0.00000022610493077835
33900 0.00000026827260479756
34000 0.00000020353045671051
34100 0.00000027590332907224
34200 0.00000031642074338478
34300 0.00000026626030291688
34400 0.00000029522807953875
34500 0.00000032798983151672
34600 0.00000039769530180145
34700 0.00000043201711563690
34800 0.00000043942592853341
34900 0.00000040509839394076
35000 0.00000040381359323050
35100 0.00000049775428312415
35200 0.00000046687556909397
35300 0.00000049107985966579
35400 0.00000043881901068410
35500 0.00000038415142467052
35600 0.00000032162876451025
35700 0.00000039352055036801
35800 0.00000041337510414685
35900 0.00000046547305876388
36000 0.00000038774549815379
