100 0.005596
200 0.005658
300 0.005863
400 0.006037
500 0.005786
600 0.005828
700 0.005914
800 0.006036
900 0.006110
1000 0.006102
1100 0.006022
1200 0.005909
1300 0.005842
1400 0.005858
1500 0.005772
1600 0.005611
1700 0.005549
1800 0.005520
1900 0.005558
2000 0.005564
2100 0.005531
2200 0.005572
2300 0.005587
2400 0.005576
2500 0.005587
2600 0.005543
2700 0.005525
2800 0.005486
2900 0.005454
3000 0.005462
3100 0.005458
3200 0.005436
3300 0.005456
3400 0.005469
3500 0.005470
3600 0.005457
3700 0.005453
3800 0.005470
3900 0.005459
4000 0.005463
4100 0.005458
4200 0.005474
4300 0.005495
4400 0.005520
4500 0.005477
4600 0.005410
4700 0.005375
4800 0.005366
4900 0.005334
5000 0.005348
5100 0.005336
5200 0.005354
5300 0.005334
5400 0.005319
5500 0.005311
5600 0.005319
5700 0.005335
5800 0.005364
5900 0.005390
6000 0.005407
6100 0.005415
6200 0.005423
6300 0.005431
6400 0.005429
6500 0.005428
6600 0.005410
6700 0.005399
6800 0.005391
6900 0.005399
7000 0.005401
7100 0.005400
7200 0.005411
7300 0.005413
7400 0.005391
7500 0.005382
7600 0.005369
7700 0.005331
7800 0.005328
7900 0.005327
8000 0.005336
8100 0.005331
8200 0.005350
8300 0.005344
8400 0.005341
8500 0.005341
8600 0.005336
8700 0.005338
8800 0.005345
8900 0.005359
9000 0.005357
9100 0.005348
9200 0.005353
9300 0.005350
9400 0.005352
9500 0.005338
9600 0.005340
9700 0.005345
9800 0.005340
9900 0.005350
10000 0.005350
10100 0.005339
10200 0.005339
10300 0.005351
10400 0.005366
10500 0.005352
10600 0.005348
10700 0.005339
10800 0.005339
10900 0.005346
11000 0.005347
11100 0.005352
11200 0.005340
11300 0.005322
11400 0.005330
11500 0.005317
11600 0.005315
11700 0.005308
11800 0.005303
11900 0.005305
12000 0.005296
12100 0.005303
12200 0.005310
12300 0.005309
12400 0.005291
12500 0.005284
12600 0.005291
12700 0.005290
12800 0.005278
12900 0.005269
13000 0.005262
13100 0.005247
13200 0.005229
13300 0.005215
13400 0.005201
13500 0.005196
13600 0.005202
13700 0.005210
13800 0.005221
13900 0.005228
14000 0.005239
14100 0.005241
14200 0.005241
14300 0.005239
14400 0.005234
14500 0.005228
14600 0.005226
14700 0.005231
14800 0.005231
14900 0.005225
15000 0.005221
15100 0.005219
15200 0.005225
15300 0.005225
15400 0.005219
15500 0.005223
15600 0.005216
15700 0.005216
15800 0.005211
15900 0.005207
16000 0.005207
16100 0.005204
16200 0.005204
16300 0.005191
16400 0.005191
16500 0.005198
16600 0.005197
16700 0.005196
16800 0.005189
16900 0.005193
17000 0.005189
17100 0.005185
17200 0.005187
17300 0.005181
17400 0.005186
17500 0.005190
17600 0.005193
17700 0.005195
17800 0.005200
17900 0.005206
18000 0.005209
18100 0.005216
18200 0.005221
18300 0.005213
18400 0.005200
18500 0.005182
18600 0.005174
18700 0.005165
18800 0.005158
18900 0.005156
19000 0.005166
19100 0.005172
19200 0.005175
19300 0.005184
19400 0.005185
19500 0.005188
19600 0.005189
19700 0.005183
19800 0.005175
19900 0.005178
20000 0.005184
20100 0.005183
20200 0.005190
20300 0.005195
20400 0.005196
20500 0.005199
20600 0.005203
20700 0.005202
20800 0.005203
20900 0.005204
21000 0.005202
21100 0.005206
21200 0.005213
21300 0.005219
21400 0.005219
21500 0.005220
21600 0.005223
21700 0.005227
21800 0.005228
21900 0.005233
22000 0.005239
22100 0.005236
22200 0.005233
22300 0.005233
22400 0.005233
22500 0.005230
22600 0.005229
22700 0.005221
22800 0.005218
22900 0.005220
23000 0.005220
23100 0.005217
23200 0.005223
23300 0.005219
23400 0.005222
23500 0.005227
23600 0.005234
23700 0.005240
23800 0.005244
23900 0.005247
24000 0.005251
24100 0.005249
24200 0.005252
24300 0.005250
24400 0.005256
24500 0.005258
24600 0.005255
24700 0.005254
24800 0.005254
24900 0.005255
25000 0.005259
25100 0.005262
25200 0.005263
25300 0.005266
25400 0.005265
25500 0.005261
25600 0.005258
25700 0.005259
25800 0.005258
25900 0.005253
26000 0.005253
26100 0.005253
26200 0.005254
26300 0.005257
26400 0.005262
26500 0.005266
26600 0.005271
26700 0.005271
26800 0.005272
26900 0.005265
27000 0.005264
27100 0.005262
27200 0.005262
27300 0.005259
27400 0.005259
27500 0.005258
27600 0.005262
27700 0.005266
27800 0.005271
27900 0.005266
28000 0.005266
28100 0.005264
28200 0.005264
28300 0.005261
28400 0.005258
28500 0.005264
28600 0.005268
28700 0.005267
28800 0.005272
28900 0.005272
29000 0.005272
29100 0.005271
29200 0.005274
29300 0.005276
29400 0.005279
29500 0.005286
29600 0.005286
29700 0.005281
29800 0.005280
29900 0.005280
30000 0.005281
30100 0.005280
30200 0.005277
30300 0.005278
30400 0.005280
30500 0.005278
30600 0.005277
30700 0.005275
30800 0.005274
30900 0.005272
31000 0.005268
31100 0.005268
31200 0.005268
31300 0.005269
31400 0.005271
31500 0.005274
31600 0.005278
31700 0.005280
31800 0.005281
31900 0.005276
32000 0.005277
32100 0.005279
32200 0.005281
32300 0.005280
32400 0.005281
32500 0.005281
32600 0.005281
32700 0.005281
32800 0.005279
32900 0.005280
33000 0.005284
33100 0.005283
33200 0.005279
33300 0.005280
33400 0.005278
33500 0.005273
33600 0.005271
33700 0.005276
33800 0.005278
33900 0.005279
34000 0.005282
34100 0.005283
34200 0.005279
34300 0.005280
34400 0.005284
34500 0.005284
34600 0.005282
34700 0.005283
34800 0.005284
34900 0.005284
35000 0.005288
35100 0.005286
35200 0.005285
35300 0.005286
35400 0.005285
35500 0.005285
35600 0.005284
35700 0.005287
35800 0.005286
35900 0.005289
36000 0.005291
