100 0.001880
200 0.001880
300 0.001880
400 0.001880
500 0.001880
600 0.001880
700 0.001880
800 0.001880
900 0.001880
1000 0.001880
1100 0.001880
1200 0.001880
1300 0.001880
1400 0.001880
1500 0.001880
1600 0.001880
1700 0.001880
1800 0.001880
1900 0.001880
2000 0.001880
2100 0.001880
2200 0.001880
2300 0.001880
2400 0.001880
2500 0.001880
2600 0.001880
2700 0.001880
2800 0.001880
2900 0.001880
3000 0.001880
3100 0.001880
3200 0.001880
3300 0.001880
3400 0.001880
3500 0.001880
3600 0.001880
3700 0.001880
3800 0.001880
3900 0.001880
4000 0.001880
4100 0.001880
4200 0.001880
4300 0.001880
4400 0.001880
4500 0.001880
4600 0.001880
4700 0.001880
4800 0.001880
4900 0.001880
5000 0.001880
5100 0.001880
5200 0.001880
5300 0.001880
5400 0.001880
5500 0.001880
5600 0.001880
5700 0.001880
5800 0.001880
5900 0.001880
6000 0.001880
6100 0.001880
6200 0.001880
6300 0.001880
6400 0.001880
6500 0.001880
6600 0.001880
6700 0.001880
6800 0.001880
6900 0.001880
7000 0.001880
7100 0.001880
7200 0.001880
7300 0.001880
7400 0.001880
7500 0.001880
7600 0.001880
7700 0.001880
7800 0.001880
7900 0.001880
8000 0.001880
8100 0.001880
8200 0.001880
8300 0.001880
8400 0.001880
8500 0.001880
8600 0.001880
8700 0.001880
8800 0.001880
8900 0.001880
9000 0.001880
9100 0.001880
9200 0.001880
9300 0.001880
9400 0.001880
9500 0.001880
9600 0.001880
9700 0.001880
9800 0.001880
9900 0.001880
10000 0.001880
10100 0.001880
10200 0.001880
10300 0.001880
10400 0.001880
10500 0.001880
10600 0.001880
10700 0.001880
10800 0.001880
10900 0.001880
11000 0.001880
11100 0.001880
11200 0.001880
11300 0.001880
11400 0.001880
11500 0.001880
11600 0.001880
11700 0.001880
11800 0.001880
11900 0.001880
12000 0.001880
12100 0.001880
12200 0.001880
12300 0.001880
12400 0.001880
12500 0.001880
12600 0.001880
12700 0.001880
12800 0.001880
12900 0.001880
13000 0.001880
13100 0.001880
13200 0.001880
13300 0.001880
13400 0.001880
13500 0.001880
13600 0.001880
13700 0.001880
13800 0.001880
13900 0.001880
14000 0.001880
14100 0.001880
14200 0.001880
14300 0.001880
14400 0.001880
14500 0.001880
14600 0.001880
14700 0.001880
14800 0.001880
14900 0.001880
15000 0.001880
15100 0.001880
15200 0.001880
15300 0.001880
15400 0.001880
15500 0.001880
15600 0.001880
15700 0.001880
15800 0.001880
15900 0.001880
16000 0.001880
16100 0.001880
16200 0.001880
16300 0.001880
16400 0.001880
16500 0.001880
16600 0.001880
16700 0.001880
16800 0.001880
16900 0.001880
17000 0.001880
17100 0.001880
17200 0.001880
17300 0.001880
17400 0.001880
17500 0.001880
17600 0.001880
17700 0.001880
17800 0.001880
17900 0.001880
18000 0.001880
18100 0.001880
18200 0.001880
18300 0.001880
18400 0.001880
18500 0.001880
18600 0.001880
18700 0.001880
18800 0.001880
18900 0.001880
19000 0.001880
19100 0.001880
19200 0.001880
19300 0.001880
19400 0.001880
19500 0.001880
19600 0.001880
19700 0.001880
19800 0.001880
19900 0.001880
20000 0.001880
20100 0.001880
20200 0.001880
20300 0.001880
20400 0.001880
20500 0.001880
20600 0.001880
20700 0.001880
20800 0.001880
20900 0.001880
21000 0.001880
21100 0.001880
21200 0.001880
21300 0.001880
21400 0.001880
21500 0.001880
21600 0.001880
21700 0.001880
21800 0.001880
21900 0.001880
22000 0.001880
22100 0.001880
22200 0.001880
22300 0.001880
22400 0.001880
22500 0.001880
22600 0.001880
22700 0.001880
22800 0.001880
22900 0.001880
23000 0.001880
23100 0.001880
23200 0.001880
23300 0.001880
23400 0.001880
23500 0.001880
23600 0.001880
23700 0.001880
23800 0.001880
23900 0.001880
24000 0.001880
24100 0.001880
24200 0.001880
24300 0.001880
24400 0.001880
24500 0.001880
24600 0.001880
24700 0.001880
24800 0.001880
24900 0.001880
25000 0.001880
25100 0.001880
25200 0.001880
25300 0.001880
25400 0.001880
25500 0.001880
25600 0.001880
25700 0.001880
25800 0.001880
25900 0.001880
26000 0.001880
26100 0.001880
26200 0.001880
26300 0.001880
26400 0.001880
26500 0.001880
26600 0.001880
26700 0.001880
26800 0.001880
26900 0.001880
27000 0.001880
27100 0.001880
27200 0.001880
27300 0.001880
27400 0.001880
27500 0.001880
27600 0.001880
27700 0.001880
27800 0.001880
27900 0.001880
28000 0.001880
28100 0.001880
28200 0.001880
28300 0.001880
28400 0.001880
28500 0.001880
28600 0.001880
28700 0.001880
28800 0.001880
28900 0.001880
29000 0.001880
29100 0.001880
29200 0.001880
29300 0.001880
29400 0.001880
29500 0.001880
29600 0.001880
29700 0.001880
29800 0.001880
29900 0.001880
30000 0.001880
30100 0.001880
30200 0.001880
30300 0.001880
30400 0.001880
30500 0.001880
30600 0.001880
30700 0.001880
30800 0.001880
30900 0.001880
31000 0.001880
31100 0.001880
31200 0.001880
31300 0.001880
31400 0.001880
31500 0.001880
31600 0.001880
31700 0.001880
31800 0.001880
31900 0.001880
32000 0.001880
32100 0.001880
32200 0.001880
32300 0.001880
32400 0.001880
32500 0.001880
32600 0.001880
32700 0.001880
32800 0.001880
32900 0.001880
33000 0.001880
33100 0.001880
33200 0.001880
33300 0.001880
33400 0.001880
33500 0.001880
33600 0.001880
33700 0.001880
33800 0.001880
33900 0.001880
34000 0.001880
34100 0.001880
34200 0.001880
34300 0.001880
34400 0.001880
34500 0.001880
34600 0.001880
34700 0.001880
34800 0.001880
34900 0.001880
35000 0.001880
35100 0.001880
35200 0.001880
35300 0.001880
35400 0.001880
35500 0.001880
35600 0.001880
35700 0.001880
35800 0.001880
35900 0.001880
36000 0.001880
