100 0.767982
200 0.763514
300 0.749899
400 0.725776
500 0.750616
600 0.747340
700 0.740990
800 0.725783
900 0.721780
1000 0.722875
1100 0.729561
1200 0.738656
1300 0.748234
1400 0.745622
1500 0.754655
1600 0.769259
1700 0.773846
1800 0.775766
1900 0.773275
2000 0.773983
2100 0.776173
2200 0.771403
2300 0.770465
2400 0.772358
2500 0.772446
2600 0.776638
2700 0.779243
2800 0.782445
2900 0.786144
3000 0.786172
3100 0.786864
3200 0.788940
3300 0.785486
3400 0.783796
3500 0.783343
3600 0.785863
3700 0.785679
3800 0.783320
3900 0.784956
4000 0.784387
4100 0.786151
4200 0.784416
4300 0.781627
4400 0.778754
4500 0.784556
4600 0.793474
4700 0.798117
4800 0.798607
4900 0.802490
5000 0.801977
5100 0.803791
5200 0.801162
5300 0.804172
5400 0.806723
5500 0.807527
5600 0.805614
5700 0.803400
5800 0.799564
5900 0.795623
6000 0.793298
6100 0.792350
6200 0.791402
6300 0.790285
6400 0.790317
6500 0.790651
6600 0.793141
6700 0.794199
6800 0.794707
6900 0.793886
7000 0.793932
7100 0.793809
7200 0.792684
7300 0.792154
7400 0.794921
7500 0.795869
7600 0.797586
7700 0.802297
7800 0.802745
7900 0.802904
8000 0.801775
8100 0.801971
8200 0.799464
8300 0.800292
8400 0.800753
8500 0.801033
8600 0.801540
8700 0.801440
8800 0.800543
8900 0.799005
9000 0.799227
9100 0.799930
9200 0.799204
9300 0.799287
9400 0.798813
9500 0.800483
9600 0.800091
9700 0.799314
9800 0.800141
9900 0.798792
10000 0.798905
10100 0.800270
10200 0.799855
10300 0.797905
10400 0.796263
10500 0.798160
10600 0.798446
10700 0.799773
10800 0.800223
10900 0.799545
11000 0.799066
11100 0.798453
11200 0.799937
11300 0.802482
11400 0.801108
11500 0.802767
11600 0.803005
11700 0.803756
11800 0.804652
11900 0.804428
12000 0.805435
12100 0.804790
12200 0.803977
12300 0.804173
12400 0.806623
12500 0.807167
12600 0.806073
12700 0.806076
12800 0.807479
12900 0.808845
13000 0.809852
13100 0.812491
13200 0.815368
13300 0.816990
13400 0.818955
13500 0.819675
13600 0.818830
13700 0.817597
13800 0.815923
13900 0.814974
14000 0.813395
14100 0.813239
14200 0.813116
14300 0.813368
14400 0.814116
14500 0.814971
14600 0.815167
14700 0.814682
14800 0.814674
14900 0.815293
15000 0.815979
15100 0.816179
15200 0.815375
15300 0.815589
15400 0.816929
15500 0.816320
15600 0.817164
15700 0.817048
15800 0.817731
15900 0.818458
16000 0.818599
16100 0.818885
16200 0.818721
16300 0.820586
16400 0.820450
16500 0.819448
16600 0.819716
16700 0.819790
16800 0.820903
16900 0.820710
17000 0.821135
17100 0.821843
17200 0.821559
17300 0.822330
17400 0.821516
17500 0.821119
17600 0.820656
17700 0.820519
17800 0.819884
17900 0.819080
18000 0.818577
18100 0.817644
18200 0.816773
18300 0.817930
18400 0.820209
18500 0.822755
18600 0.823932
18700 0.825231
18800 0.826317
18900 0.826414
19000 0.824876
19100 0.823977
19200 0.823409
19300 0.822248
19400 0.822108
19500 0.821953
19600 0.821651
19700 0.822534
19800 0.823792
19900 0.823250
20000 0.822243
20100 0.822065
20200 0.821169
20300 0.820335
20400 0.820244
20500 0.819942
20600 0.819438
20700 0.819585
20800 0.819380
20900 0.819203
21000 0.819464
21100 0.818650
21200 0.817724
21300 0.816803
21400 0.816887
21500 0.816451
21600 0.816097
21700 0.815697
21800 0.815603
21900 0.815083
22000 0.814251
22100 0.814598
22200 0.815014
22300 0.814992
22400 0.814797
22500 0.815404
22600 0.815617
22700 0.816955
22800 0.817235
22900 0.816993
23000 0.817090
23100 0.817492
23200 0.816788
23300 0.817192
23400 0.816641
23500 0.815895
23600 0.815235
23700 0.814381
23800 0.813825
23900 0.813314
24000 0.812803
24100 0.813012
24200 0.812669
24300 0.812892
24400 0.812287
24500 0.812151
24600 0.812536
24700 0.812776
24800 0.812677
24900 0.812405
25000 0.812016
25100 0.811626
25200 0.811565
25300 0.811280
25400 0.811455
25500 0.811911
25600 0.812234
25700 0.812033
25800 0.812117
25900 0.812820
26000 0.812947
26100 0.812949
26200 0.812745
26300 0.812157
26400 0.811558
26500 0.810906
26600 0.810409
26700 0.810472
26800 0.810324
26900 0.811249
27000 0.811335
27100 0.811469
27200 0.811610
27300 0.812043
27400 0.812020
27500 0.812137
27600 0.811720
27700 0.810978
27800 0.810366
27900 0.810948
28000 0.811039
28100 0.811274
28200 0.811146
28300 0.811451
28400 0.811980
28500 0.811423
28600 0.810783
28700 0.810849
28800 0.810198
28900 0.810233
29000 0.810284
29100 0.810301
29200 0.810064
29300 0.809803
29400 0.809341
29500 0.808540
29600 0.808611
29700 0.809192
29800 0.809361
29900 0.809291
30000 0.809005
30100 0.809119
30200 0.809439
30300 0.809350
30400 0.808984
30500 0.809338
30600 0.809500
30700 0.809774
30800 0.809916
30900 0.810079
31000 0.810717
31100 0.810608
31200 0.810660
31300 0.810515
31400 0.810211
31500 0.809845
31600 0.809374
31700 0.809087
31800 0.808988
31900 0.809851
32000 0.809549
32100 0.809340
32200 0.809147
32300 0.809284
32400 0.809134
32500 0.809124
32600 0.809149
32700 0.809139
32800 0.809425
32900 0.809339
33000 0.808844
33100 0.808933
33200 0.809524
33300 0.809426
33400 0.809513
33500 0.810179
33600 0.810357
33700 0.809555
33800 0.809258
33900 0.809065
34000 0.808679
34100 0.808580
34200 0.809339
34300 0.809044
34400 0.808487
34500 0.808477
34600 0.808655
34700 0.808660
34800 0.808439
34900 0.808377
35000 0.807970
35100 0.808129
35200 0.808263
35300 0.808199
35400 0.808422
35500 0.808378
35600 0.808431
35700 0.808258
35800 0.808377
35900 0.807901
36000 0.807620
