100 19.100976
200 28.672423
300 33.593791
400 37.278620
500 45.043374
600 46.438260
700 49.306116
800 50.413233
900 47.711872
1000 45.223822
1100 46.932843
1200 47.033468
1300 52.837654
1400 54.284411
1500 52.210879
1600 52.151412
1700 51.645436
1800 51.863615
1900 54.360272
2000 66.695652
2100 71.697397
2200 71.035342
2300 70.016386
2400 70.221970
2500 72.044243
2600 70.717586
2700 73.710749
2800 80.503340
2900 82.847477
3000 87.676264
3100 95.212348
3200 98.859028
3300 100.788860
3400 99.101735
3500 100.303825
3600 99.609192
3700 98.138880
3800 96.528855
3900 94.976968
4000 93.513094
4100 92.401448
4200 92.956114
4300 92.497814
4400 93.986306
4500 97.160124
4600 98.413046
4700 97.034354
4800 96.798642
4900 95.904601
5000 96.725690
5100 99.423737
5200 99.939441
5300 99.878213
5400 99.492899
5500 98.368541
5600 97.330858
5700 96.501324
5800 96.226499
5900 95.168802
6000 94.160368
6100 93.085090
6200 92.996179
6300 92.580717
6400 92.622213
6500 94.078398
6600 94.826458
6700 94.419488
6800 94.293881
6900 93.752514
7000 93.687079
7100 92.862476
7200 93.091430
7300 92.392758
7400 91.526211
7500 90.907520
7600 90.586644
7700 89.664341
7800 88.896063
7900 88.328756
8000 87.725122
8100 87.212089
8200 86.652613
8300 86.128436
8400 86.509254
8500 86.566891
8600 86.256310
8700 86.490631
8800 86.559026
8900 87.007842
9000 89.607419
9100 91.640778
9200 91.569975
9300 90.878591
9400 90.098836
9500 89.749433
9600 89.640268
9700 89.091391
9800 89.844043
9900 90.155886
10000 89.533428
10100 89.205458
10200 89.297309
10300 89.007121
10400 88.855772
10500 88.547183
10600 88.463342
10700 87.892608
10800 87.343797
10900 87.312791
11000 87.113244
11100 86.803328
11200 86.332994
11300 86.093829
11400 85.711571
11500 85.278644
11600 85.728411
11700 85.553620
11800 85.895302
11900 85.514517
12000 85.137886
12100 85.321369
12200 85.138015
12300 85.380574
12400 85.656447
12500 85.179419
12600 84.916368
12700 84.477394
12800 84.188092
12900 83.872306
13000 83.714037
13100 83.928836
13200 85.061964
13300 85.082032
13400 84.645329
13500 84.295918
13600 83.871540
13700 83.663502
13800 83.403612
13900 83.055304
14000 82.732224
14100 82.315681
14200 82.046291
14300 81.715950
14400 81.505420
14500 81.307028
14600 81.001816
14700 80.765959
14800 80.413353
14900 80.189518
15000 80.309333
15100 80.186269
15200 80.425923
15300 80.304694
15400 81.111025
15500 83.152233
15600 84.162373
15700 83.933077
15800 83.655364
15900 83.466699
16000 84.145772
16100 83.917669
16200 83.703710
16300 83.405437
16400 83.075241
16500 82.786722
16600 82.632211
16700 82.733318
16800 82.440300
16900 82.341592
17000 82.201182
17100 82.431615
17200 82.623144
17300 82.347592
17400 82.135426
17500 81.847735
17600 81.887266
17700 81.773687
17800 81.589702
17900 81.440357
18000 81.960230
18100 82.321257
18200 82.861081
18300 82.982922
18400 82.714039
18500 82.837312
18600 82.915831
18700 82.855286
18800 82.775978
18900 82.588918
19000 83.240378
19100 83.530771
19200 83.306181
19300 83.313339
19400 83.293916
19500 83.541102
19600 83.693427
19700 83.390755
19800 83.097273
19900 82.877160
20000 82.725552
20100 82.447151
20200 82.220415
20300 82.066064
20400 81.874353
20500 81.711305
20600 81.622624
20700 81.536324
20800 81.247147
20900 81.140599
21000 81.024992
21100 80.939032
21200 80.998010
21300 81.095388
21400 80.912838
21500 80.766537
21600 80.521216
21700 80.497306
21800 80.366253
21900 80.641747
22000 80.658589
22100 80.753338
22200 80.695800
22300 80.636554
22400 80.518162
22500 80.485185
22600 80.684616
22700 80.625583
22800 80.388270
22900 80.201374
23000 80.088338
23100 79.968514
23200 80.460836
23300 80.852239
23400 80.841094
23500 81.265573
23600 82.213914
23700 82.729528
23800 82.602884
23900 82.501059
24000 82.268437
24100 82.147189
24200 82.115005
24300 81.912877
24400 82.002109
24500 82.232733
24600 82.279311
24700 82.102862
24800 81.938232
24900 81.737560
25000 81.689605
25100 82.117823
25200 82.454357
25300 83.341654
25400 83.652855
25500 83.490773
25600 83.411327
25700 83.193337
25800 82.991651
25900 82.954996
26000 83.090377
26100 83.144298
26200 82.901886
26300 82.710487
26400 82.639699
26500 82.728166
26600 82.812047
26700 83.122630
26800 83.602105
26900 83.781329
27000 83.612581
27100 83.502115
27200 83.410524
27300 83.352545
27400 83.195288
27500 83.015868
27600 83.247537
27700 83.164903
27800 82.967832
27900 83.183502
28000 83.369460
28100 83.173908
28200 82.952040
28300 82.818839
28400 82.852604
28500 83.132879
28600 83.351619
28700 83.503004
28800 83.621934
28900 83.702827
29000 84.079463
29100 84.086463
29200 84.195436
29300 84.128398
29400 84.039124
29500 83.956335
29600 83.896107
29700 83.745580
29800 83.663397
29900 83.535522
30000 83.345546
30100 83.137472
30200 82.970539
30300 82.773605
30400 82.662170
30500 82.653249
30600 82.765242
30700 82.864657
30800 82.738724
30900 82.632452
31000 82.683227
31100 82.574992
31200 82.535858
31300 82.546068
31400 82.544939
31500 82.348741
31600 82.607849
31700 82.590650
31800 82.523044
31900 82.389392
32000 82.267575
32100 82.206330
32200 82.163505
32300 82.091440
32400 81.990572
32500 81.929927
32600 81.778343
32700 81.706707
32800 81.652544
32900 81.528198
33000 81.407503
33100 81.331553
33200 81.213135
33300 81.457860
33400 81.795000
33500 81.635010
33600 81.491672
33700 81.319094
33800 81.339221
33900 81.157736
34000 81.029207
34100 80.857396
34200 81.007845
34300 81.416877
34400 82.305815
34500 83.413722
34600 83.829715
34700 83.782417
34800 83.794432
34900 83.635059
35000 83.499141
35100 83.524752
35200 83.562085
35300 84.039029
35400 84.228872
35500 84.191642
35600 84.063432
35700 84.017667
35800 84.015939
35900 84.002354
36000 83.884738
