100 0.00000000000385824706
200 0.00000000004908429219
300 0.00000000004180122914
400 0.00000000005410782933
500 0.00000000009772094245
600 0.00000000007372591426
700 0.00000000008611067415
800 0.00000000008762413017
900 0.00000000009242739907
1000 0.00000000025629987022
1100 0.00000000003318234576
1200 0.00000000023760549084
1300 0.00000000000022026825
1400 0.00000000013399414911
1500 0.00000000046183856739
1600 0.00000000029694291470
1700 0.00000000064560623514
1800 0.00000000054969007124
1900 0.00000000114226850201
2000 0.00000000162447122420
2100 0.00000000120155618788
2200 0.00000000139593225867
2300 0.00000000133307764827
2400 0.00000000059242211137
2500 0.00000000106436459646
2600 0.00000000094273389095
2700 0.00000000203742445137
2800 0.00000000171868919097
2900 0.00000000099034025425
3000 0.00000000082799544998
3100 0.00000000016001422409
3200 0.00000000074965100794
3300 0.00000000132648381168
3400 0.00000000180018844276
3500 0.00000000112463283131
3600 0.00000000059897331539
3700 0.00000000177602998974
3800 0.00000000138987843457
3900 0.00000000228752128351
4000 0.00000000025845281471
4100 0.00000000087898399670
4200 0.00000000306715719489
4300 0.00000000138949474149
4400 0.00000000200616057100
4500 0.00000000129705313157
4600 0.00000000107623066015
4700 0.00000000141193368108
4800 0.00000000279061396213
4900 0.00000000530735633220
5000 0.00000000269515965101
5100 0.00000000208888195630
5200 0.00000000285596968297
5300 0.00000000065129768245
5400 0.00000000046163961542
5500 0.00000000229653096540
5600 0.00000000167064229117
5700 0.00000000006899369964
5800 0.00000000182235737611
5900 0.00000000066550853717
6000 0.00000000285997714400
6100 0.00000000426190638336
6200 0.00000000448140724529
6300 0.00000000756915596867
6400 0.00000000808938693808
6500 0.00000000861349747083
6600 0.00000000859844817569
6700 0.00000000400125088618
6800 0.00000000649636433536
6900 0.00000000898597818377
7000 0.00000000652990195249
7100 0.00000000784071119142
7200 0.00000000697090740687
7300 0.00000000893778917543
7400 0.00000001091446222290
7500 0.00000001012708139569
7600 0.00000001431239127214
7700 0.00000001761387125043
7800 0.00000002032017221154
7900 0.00000001900095014662
8000 0.00000001876495048236
8100 0.00000001700723828435
8200 0.00000001316095676884
8300 0.00000001320506726188
8400 0.00000001506857927325
8500 0.00000001464169940846
8600 0.00000001384357517509
8700 0.00000001125972914906
8800 0.00000001278156958051
8900 0.00000001336943000751
9000 0.00000001071829558441
9100 0.00000001276430339203
9200 0.00000001510524327841
9300 0.00000001441387098566
9400 0.00000001319050113580
9500 0.00000001880978572899
9600 0.00000001142976202573
9700 0.00000001174122132852
9800 0.00000001191376952647
9900 0.00000001446086628221
10000 0.00000001441051722395
10100 0.00000001218634793076
10200 0.00000001404811200700
10300 0.00000000939135702538
10400 0.00000001365194179925
10500 0.00000001404045235631
10600 0.00000001298961649354
10700 0.00000001408594130226
10800 0.00000001580944797297
10900 0.00000001605275201655
11000 0.00000001086951328944
11100 0.00000001009554750908
11200 0.00000001193595267068
11300 0.00000001071737187885
11400 0.00000001306241870225
11500 0.00000001473806321428
11600 0.00000001514011671588
11700 0.00000001259823534383
11800 0.00000001271205007924
11900 0.00000001646188252380
12000 0.00000001537266314244
12100 0.00000001423381945642
12200 0.00000001520946568689
12300 0.00000001495030232945
12400 0.00000001148916339844
12500 0.00000001355957124360
12600 0.00000001567300955685
12700 0.00000001470388610869
12800 0.00000001020782747219
12900 0.00000001095702373277
13000 0.00000000794473464794
13100 0.00000001677675243172
13200 0.00000001330396059984
13300 0.00000000572967451262
13400 0.00000001216947964622
13500 0.00000001787746839454
13600 0.00000001819945794068
13700 0.00000001428347218280
13800 0.00000000883875372892
13900 0.00000001196052323849
14000 0.00000001226570134349
14100 0.00000001959958240150
14200 0.00000002655019670783
14300 0.00000002646743268997
14400 0.00000002878310567667
14500 0.00000002726594061642
14600 0.00000002834042334143
14700 0.00000002806875443184
14800 0.00000001968535912056
14900 0.00000001478491640228
15000 0.00000001811065430957
15100 0.00000001842866481638
15200 0.00000002639939111759
15300 0.00000002501587914594
15400 0.00000002918883978964
15500 0.00000002855546199498
15600 0.00000003093721545611
15700 0.00000003526375280671
15800 0.00000003854164276618
15900 0.00000003577406459954
16000 0.00000002971053447709
16100 0.00000002903304618940
16200 0.00000002169585400225
16300 0.00000001721181774883
16400 0.00000000872395844453
16500 0.00000001120695003465
16600 0.00000001148532646766
16700 0.00000001683099526417
16800 0.00000001774039048996
16900 0.00000001433920715499
17000 0.00000000306290814933
17100 0.00000000012762768620
17200 0.00000000093407948043
17300 0.00000000874344152635
17400 0.00000001008675099001
17500 0.00000001360658075100
17600 0.00000001890452949738
17700 0.00000001574143482230
17800 0.00000001208240973938
17900 0.00000001422461082257
18000 0.00000000842634051423
18100 0.00000001546025885091
18200 0.00000001157667384177
18300 0.00000000701288627170
18400 0.00000000807790456747
18500 0.00000000880665140812
18600 0.00000000719153092632
18700 0.00000000988002568647
18800 0.00000000864656612976
18900 0.00000000094995300515
19000 0.00000000028607871627
19100 0.00000000083552720298
19200 0.00000000605869843184
19300 0.00000000071244699029
19400 0.00000000458628335309
19500 0.00000000040147085656
19600 0.00000000671859368140
19700 0.00000000675414923990
19800 0.00000001050767650668
19900 0.00000001545379291201
20000 0.00000001832428608850
20100 0.00000001673868155194
20200 0.00000001852251330092
20300 0.00000002258531139887
20400 0.00000001475976318943
20500 0.00000001993936393774
20600 0.00000001883080358311
20700 0.00000000684912038196
20800 0.00000000369713859527
20900 0.00000000582028292229
21000 0.00000000382692633139
21100 0.00000000064393645971
21200 0.00000000197134397695
21300 0.00000000341098882473
21400 0.00000000739694883123
21500 0.00000000416548573412
21600 0.00000000499417751598
21700 0.00000000062973981585
21800 0.00000000090680885023
21900 0.00000000045100989610
22000 0.00000000056488147493
22100 0.00000000399187172206
22200 0.00000000779535014317
22300 0.00000000737881578061
22400 0.00000000012310863440
22500 0.00000001079295941508
22600 0.00000000106275876988
22700 0.00000000339450423326
22800 0.00000000269913869033
22900 0.00000000539672839750
23000 0.00000000018705748062
23100 0.00000000912278608212
23200 0.00000000909260222670
23300 0.00000001364223578548
23400 0.00000002063899273708
23500 0.00000002885292360588
23600 0.00000003275845017470
23700 0.00000002763604811662
23800 0.00000002545871780057
23900 0.00000002893662554015
24000 0.00000003331602727030
24100 0.00000003642900026080
24200 0.00000003964449035720
24300 0.00000005168793393295
24400 0.00000005138363690094
24500 0.00000004709812628789
24600 0.00000005420484683327
24700 0.00000006239825722787
24800 0.00000005820525927902
24900 0.00000006386785855739
25000 0.00000006041423716852
25100 0.00000006344744463149
25200 0.00000005480671916303
25300 0.00000005507888545253
25400 0.00000004938904396568
25500 0.00000005011075643324
25600 0.00000005122917912104
25700 0.00000005509814116067
25800 0.00000005899107691221
25900 0.00000005175481021524
26000 0.00000004629708882931
26100 0.00000004364783023902
26200 0.00000004672999409649
26300 0.00000005920908563439
26400 0.00000004772967088229
26500 0.00000004710594225799
26600 0.00000001659293502598
26700 0.00000001789159398413
26800 0.00000003826852434941
26900 0.00000003657335412299
27000 0.00000002105491603288
27100 0.00000002750346084213
27200 0.00000002581720082162
27300 0.00000004614169313299
27400 0.00000004244904516781
27500 0.00000002755152195277
27600 0.00000001899549317841
27700 0.00000001825705453484
27800 0.00000003545417825990
27900 0.00000003881127952354
28000 0.00000003825179817341
28100 0.00000004543582576844
28200 0.00000002700851098325
28300 0.00000003749042321033
28400 0.00000003599329545523
28500 0.00000004097782380086
28600 0.00000004188750324374
28700 0.00000003240980106511
28800 0.00000004494802396948
28900 0.00000003845686080695
29000 0.00000005052783080828
29100 0.00000005330402075288
29200 0.00000004942110365391
29300 0.00000005486366205787
29400 0.00000007305749250008
29500 0.00000006585385392555
29600 0.00000006624306081449
29700 0.00000007102366339495
29800 0.00000006907878002949
29900 0.00000007369872889740
30000 0.00000007547416203124
30100 0.00000007467377827197
30200 0.00000006467142554811
30300 0.00000007403818358398
30400 0.00000008328792944212
30500 0.00000009714808868466
30600 0.00000009764349329089
30700 0.00000008894488701117
30800 0.00000010136913886072
30900 0.00000010094751701217
31000 0.00000010279178752626
31100 0.00000010463919863923
31200 0.00000009662267075328
31300 0.00000011251523801548
31400 0.00000010986039455929
31500 0.00000010690537521896
31600 0.00000009091692732000
31700 0.00000009031604975007
31800 0.00000008141502405579
31900 0.00000007696512227540
32000 0.00000007567598458991
32100 0.00000008141455509758
32200 0.00000008848751065216
32300 0.00000008370864179597
32400 0.00000007681157399020
32500 0.00000008237870474659
32600 0.00000009105403364629
32700 0.00000009976845660731
32800 0.00000009643898124523
32900 0.00000008555716135561
33000 0.00000009463580852298
33100 0.00000007965836346102
33200 0.00000007876002428020
33300 0.00000008276887797365
33400 0.00000008223854308653
33500 0.00000010156945506878
33600 0.00000010379366699453
33700 0.00000009984391624585
33800 0.00000010954028084598
33900 0.00000010685253926113
34000 0.00000010113090809227
34100 0.00000010649797843598
34200 0.00000010304468389677
34300 0.00000009390446109592
34400 0.00000008501335457822
34500 0.00000009180874371850
34600 0.00000008987223054646
34700 0.00000009233025366484
34800 0.00000008911982263271
34900 0.00000007640149135568
35000 0.00000007548131009116
35100 0.00000006998888579801
35200 0.00000008181858390799
35300 0.00000007991272354957
35400 0.00000009127880673532
35500 0.00000008981790244889
35600 0.00000008597072564953
35700 0.00000009181127325064
35800 0.00000009011692725380
35900 0.00000010148977480640
36000 0.00000009891515162508
