100 0.191182
200 0.286796
300 0.334566
400 0.371782
500 0.449606
600 0.463448
700 0.492028
800 0.503421
900 0.477405
1000 0.452872
1100 0.470140
1200 0.471364
1300 0.528791
1400 0.543438
1500 0.523148
1600 0.522779
1700 0.518293
1800 0.520478
1900 0.545233
2000 0.668511
2100 0.718555
2200 0.712053
2300 0.701546
2400 0.703571
2500 0.721247
2600 0.708413
2700 0.737864
2800 0.806318
2900 0.829470
3000 0.877444
3100 0.952385
3200 0.988905
3300 1.008090
3400 0.991356
3500 1.003474
3600 0.996288
3700 0.981683
3800 0.965428
3900 0.949967
4000 0.935505
4100 0.924087
4200 0.929415
4300 0.924922
4400 0.939692
4500 0.971318
4600 0.983790
4700 0.970197
4800 0.967859
4900 0.959195
5000 0.966936
5100 0.994060
5200 0.998899
5300 0.998215
5400 0.994303
5500 0.983238
5600 0.972852
5700 0.964418
5800 0.961532
5900 0.951204
6000 0.941295
6100 0.930732
6200 0.929648
6300 0.925298
6400 0.925528
6500 0.939853
6600 0.947233
6700 0.943312
6800 0.942038
6900 0.936613
7000 0.935793
7100 0.927525
7200 0.929779
7300 0.923056
7400 0.914554
7500 0.908374
7600 0.905177
7700 0.896195
7800 0.888628
7900 0.882932
8000 0.876956
8100 0.871778
8200 0.866170
8300 0.861090
8400 0.864857
8500 0.865434
8600 0.862295
8700 0.864554
8800 0.865254
8900 0.869596
9000 0.895336
9100 0.915709
9200 0.915017
9300 0.908139
9400 0.900476
9500 0.897013
9600 0.895879
9700 0.890490
9800 0.898074
9900 0.901193
10000 0.894975
10100 0.891731
10200 0.892586
10300 0.889792
10400 0.888282
10500 0.885072
10600 0.884395
10700 0.878797
10800 0.873317
10900 0.872904
11000 0.870936
11100 0.867902
11200 0.863136
11300 0.860761
11400 0.856975
11500 0.852729
11600 0.857129
11700 0.855377
11800 0.858916
11900 0.854993
12000 0.851329
12100 0.853066
12200 0.851349
12300 0.853819
12400 0.856611
12500 0.851963
12600 0.849289
12700 0.844925
12800 0.842130
12900 0.838981
13000 0.837375
13100 0.839406
13200 0.850779
13300 0.851021
13400 0.846706
13500 0.843285
13600 0.839153
13700 0.837015
13800 0.834359
13900 0.830900
14000 0.827720
14100 0.823619
14200 0.820948
14300 0.817682
14400 0.815562
14500 0.813588
14600 0.810498
14700 0.808181
14800 0.804645
14900 0.802455
15000 0.803579
15100 0.802367
15200 0.804787
15300 0.803545
15400 0.811460
15500 0.831794
15600 0.841922
15700 0.839699
15800 0.836932
15900 0.834998
16000 0.841841
16100 0.839685
16200 0.837599
16300 0.834556
16400 0.831240
16500 0.828400
16600 0.826771
16700 0.827820
16800 0.824828
16900 0.823843
17000 0.822432
17100 0.824669
17200 0.826583
17300 0.823824
17400 0.821694
17500 0.818858
17600 0.819239
17700 0.818081
17800 0.816224
17900 0.814712
18000 0.819960
18100 0.823532
18200 0.828920
18300 0.830162
18400 0.827502
18500 0.828697
18600 0.829489
18700 0.828849
18800 0.828073
18900 0.826198
19000 0.832733
19100 0.835610
19200 0.833378
19300 0.833406
19400 0.833214
19500 0.835655
19600 0.837249
19700 0.834217
19800 0.831354
19900 0.829160
20000 0.827623
20100 0.824826
20200 0.822592
20300 0.821053
20400 0.819086
20500 0.817504
20600 0.816554
20700 0.815659
20800 0.812804
20900 0.811717
21000 0.810539
21100 0.809642
21200 0.810165
21300 0.811168
21400 0.809372
21500 0.807969
21600 0.805523
21700 0.805241
21800 0.803943
21900 0.806629
22000 0.806820
22100 0.807724
22200 0.807160
22300 0.806563
22400 0.805432
22500 0.805075
22600 0.807044
22700 0.806431
22800 0.804121
22900 0.802279
23000 0.801116
23100 0.799905
23200 0.804771
23300 0.808659
23400 0.808562
23500 0.812732
23600 0.822164
23700 0.827390
23800 0.826086
23900 0.825053
24000 0.822736
24100 0.821520
24200 0.821175
24300 0.819192
24400 0.819973
24500 0.822265
24600 0.822751
24700 0.821014
24800 0.819380
24900 0.817381
25000 0.816887
25100 0.821146
25200 0.824520
25300 0.833370
25400 0.836478
25500 0.834909
25600 0.834091
25700 0.831896
25800 0.829915
25900 0.829537
26000 0.830874
26100 0.831432
26200 0.829056
26300 0.827128
26400 0.826386
26500 0.827259
26600 0.828063
26700 0.831129
26800 0.835914
26900 0.837729
27000 0.836020
27100 0.834922
27200 0.833966
27300 0.833348
27400 0.831794
27500 0.830025
27600 0.832335
27700 0.831508
27800 0.829549
27900 0.831657
28000 0.833515
28100 0.831604
28200 0.829435
28300 0.828061
28400 0.828362
28500 0.831128
28600 0.833328
28700 0.834844
28800 0.836017
28900 0.836852
29000 0.840586
29100 0.840700
29200 0.841728
29300 0.841060
29400 0.840135
29500 0.839293
29600 0.838653
29700 0.837125
29800 0.836281
29900 0.835004
30000 0.833157
30100 0.831088
30200 0.829429
30300 0.827486
30400 0.826415
30500 0.826336
30600 0.827435
30700 0.828426
30800 0.827207
30900 0.826162
31000 0.826631
31100 0.825552
31200 0.825132
31300 0.825210
31400 0.825200
31500 0.823243
31600 0.825838
31700 0.825648
31800 0.824930
31900 0.823594
32000 0.822418
32100 0.821805
32200 0.821396
32300 0.820689
32400 0.819691
32500 0.819100
32600 0.817612
32700 0.816938
32800 0.816386
32900 0.815177
33000 0.813974
33100 0.813212
33200 0.812019
33300 0.814428
33400 0.817792
33500 0.816199
33600 0.814774
33700 0.813060
33800 0.813296
33900 0.811526
34000 0.810256
34100 0.808542
34200 0.810012
34300 0.814071
34400 0.822935
34500 0.834028
34600 0.838200
34700 0.837715
34800 0.837833
34900 0.836225
35000 0.834885
35100 0.835124
35200 0.835501
35300 0.840246
35400 0.842163
35500 0.841823
35600 0.840593
35700 0.840148
35800 0.840134
35900 0.840010
36000 0.838845
