100 0.971118
200 0.976546
300 0.980573
400 0.983204
500 0.986563
600 0.985856
700 0.985847
800 0.987452
900 0.985583
1000 0.983957
1100 0.984255
1200 0.983726
1300 0.984978
1400 0.985362
1500 0.984575
1600 0.983925
1700 0.983757
1800 0.983821
1900 0.984278
2000 0.985064
2100 0.985776
2200 0.986005
2300 0.986326
2400 0.986724
2500 0.987255
2600 0.986833
2700 0.987320
2800 0.987773
2900 0.988195
3000 0.988588
3100 0.988956
3200 0.989302
3300 0.989626
3400 0.989713
3500 0.990007
3600 0.990285
3700 0.990043
3800 0.989842
3900 0.989581
4000 0.989431
4100 0.989497
4200 0.989747
4300 0.989643
4400 0.989878
4500 0.990103
4600 0.990318
4700 0.990039
4800 0.990222
4900 0.990254
5000 0.990279
5100 0.990470
5200 0.990653
5300 0.990829
5400 0.990707
5500 0.990502
5600 0.990294
5700 0.990355
5800 0.990481
5900 0.990346
6000 0.990309
6100 0.990067
6200 0.990214
6300 0.990275
6400 0.990421
6500 0.990569
6600 0.990712
6700 0.990716
6800 0.990744
6900 0.990715
7000 0.990801
7100 0.990665
7200 0.990751
7300 0.990805
7400 0.990520
7500 0.990343
7600 0.990307
7700 0.989962
7800 0.989853
7900 0.989769
8000 0.989829
8100 0.989876
8200 0.989768
8300 0.989506
8400 0.989604
8500 0.989726
8600 0.989825
8700 0.989813
8800 0.989878
8900 0.989964
9000 0.990075
9100 0.990184
9200 0.990237
9300 0.990118
9400 0.989811
9500 0.989678
9600 0.989747
9700 0.989729
9800 0.989834
9900 0.989936
10000 0.989796
10100 0.989874
10200 0.989942
10300 0.989847
10400 0.989887
10500 0.989944
10600 0.989914
10700 0.989748
10800 0.989701
10900 0.989781
11000 0.989734
11100 0.989690
11200 0.989671
11300 0.989696
11400 0.989679
11500 0.989419
11600 0.989510
11700 0.989573
11800 0.989661
11900 0.989663
12000 0.989643
12100 0.989616
12200 0.989578
12300 0.989566
12400 0.989518
12500 0.989311
12600 0.989234
12700 0.989219
12800 0.989226
12900 0.989176
13000 0.989188
13100 0.989270
13200 0.989352
13300 0.989356
13400 0.989231
13500 0.989131
13600 0.988998
13700 0.989018
13800 0.989070
13900 0.988945
14000 0.988868
14100 0.988842
14200 0.988749
14300 0.988691
14400 0.988751
14500 0.988739
14600 0.988770
14700 0.988767
14800 0.988744
14900 0.988764
15000 0.988771
15100 0.988815
15200 0.988889
15300 0.988928
15400 0.989000
15500 0.989071
15600 0.989141
15700 0.989109
15800 0.989087
15900 0.989115
16000 0.989183
16100 0.989178
16200 0.989180
16300 0.989141
16400 0.989070
16500 0.989008
16600 0.988969
16700 0.988973
16800 0.988962
16900 0.989027
17000 0.989055
17100 0.989119
17200 0.989134
17300 0.989102
17400 0.989097
17500 0.988968
17600 0.989031
17700 0.989068
17800 0.989084
17900 0.989080
18000 0.989140
18100 0.989200
18200 0.989260
18300 0.989318
18400 0.989279
18500 0.989328
18600 0.989370
18700 0.989381
18800 0.989334
18900 0.989320
19000 0.989377
19100 0.989432
19200 0.989451
19300 0.989505
19400 0.989501
19500 0.989555
19600 0.989563
19700 0.989513
19800 0.989476
19900 0.989442
20000 0.989458
20100 0.989318
20200 0.989295
20300 0.989328
20400 0.989323
20500 0.989252
20600 0.989235
20700 0.989243
20800 0.989146
20900 0.989192
21000 0.989221
21100 0.989268
21200 0.989295
21300 0.989291
21400 0.989272
21500 0.989244
21600 0.989182
21700 0.989219
21800 0.989233
21900 0.989282
22000 0.989309
22100 0.989356
22200 0.989376
22300 0.989401
22400 0.989368
22500 0.989407
22600 0.989454
22700 0.989491
22800 0.989420
22900 0.989415
23000 0.989402
23100 0.989410
23200 0.989456
23300 0.989501
23400 0.989500
23500 0.989535
23600 0.989579
23700 0.989623
23800 0.989614
23900 0.989593
24000 0.989531
24100 0.989566
24200 0.989582
24300 0.989531
24400 0.989573
24500 0.989606
24600 0.989609
24700 0.989579
24800 0.989573
24900 0.989540
25000 0.989518
25100 0.989560
25200 0.989601
25300 0.989642
25400 0.989683
25500 0.989610
25600 0.989593
25700 0.989536
25800 0.989507
25900 0.989520
26000 0.989551
26100 0.989586
26200 0.989505
26300 0.989464
26400 0.989501
26500 0.989541
26600 0.989531
26700 0.989570
26800 0.989609
26900 0.989648
27000 0.989652
27100 0.989636
27200 0.989669
27300 0.989673
27400 0.989609
27500 0.989617
27600 0.989641
27700 0.989636
27800 0.989584
27900 0.989616
28000 0.989643
28100 0.989606
28200 0.989526
28300 0.989515
28400 0.989544
28500 0.989581
28600 0.989617
28700 0.989649
28800 0.989669
28900 0.989646
29000 0.989682
29100 0.989687
29200 0.989723
29300 0.989742
29400 0.989777
29500 0.989792
29600 0.989827
29700 0.989823
29800 0.989856
29900 0.989816
30000 0.989779
30100 0.989722
30200 0.989708
30300 0.989661
30400 0.989644
30500 0.989617
30600 0.989651
30700 0.989684
30800 0.989684
30900 0.989639
31000 0.989673
31100 0.989669
31200 0.989665
31300 0.989698
31400 0.989714
31500 0.989659
31600 0.989687
31700 0.989707
31800 0.989729
31900 0.989727
32000 0.989694
32100 0.989686
32200 0.989715
32300 0.989700
32400 0.989676
32500 0.989663
32600 0.989625
32700 0.989577
32800 0.989596
32900 0.989574
33000 0.989566
33100 0.989570
33200 0.989592
33300 0.989623
33400 0.989654
33500 0.989636
33600 0.989604
33700 0.989538
33800 0.989500
33900 0.989406
34000 0.989373
34100 0.989334
34200 0.989366
34300 0.989397
34400 0.989427
34500 0.989458
34600 0.989488
34700 0.989511
34800 0.989538
34900 0.989515
35000 0.989467
35100 0.989426
35200 0.989456
35300 0.989486
35400 0.989506
35500 0.989513
35600 0.989471
35700 0.989485
35800 0.989515
35900 0.989538
36000 0.989521
