0 19.100976
0 28.672423
0 33.593791
0 37.278620
0 45.043374
0 46.438260
0 49.306116
0 50.413233
0 47.711872
0 45.223822
0 46.932843
0 47.033468
0 52.837654
0 54.284411
0 52.210879
0 52.151412
0 51.645436
0 51.863615
0 54.360272
0 66.695652
0 71.697397
0 71.035342
0 70.016386
0 70.221970
0 72.044243
0 70.717586
0 73.710749
0 80.503340
0 82.847477
0 87.676264
0 95.212348
0 98.859028
0 100.788860
0 99.101735
0 100.303825
0 99.609192
0 98.138880
0 96.528855
0 94.976968
0 93.513094
0 92.401448
0 92.956114
0 92.497814
0 93.986306
0 97.160124
0 98.413046
0 97.034354
0 96.798642
0 95.904601
0 96.725690
0 99.423737
0 99.939441
0 99.878213
0 99.492899
0 98.368541
0 97.330858
0 96.501324
0 96.226499
0 95.168802
0 94.160368
0 93.085090
0 92.996179
0 92.580717
0 92.622213
0 94.078398
0 94.826458
0 94.419488
0 94.293881
0 93.752514
0 93.687079
0 92.862476
0 93.091430
0 92.392758
0 91.526211
0 90.907520
0 90.586644
0 89.664341
0 88.896063
0 88.328756
0 87.725122
0 87.212089
0 86.652613
0 86.128436
0 86.509254
0 86.566891
0 86.256310
0 86.490631
0 86.559026
0 87.007842
0 89.607419
0 91.640778
0 91.569975
0 90.878591
0 90.098836
0 89.749433
0 89.640268
0 89.091391
0 89.844043
0 90.155886
0 89.533428
0 89.205458
0 89.297309
0 89.007121
0 88.855772
0 88.547183
0 88.463342
0 87.892608
0 87.343797
0 87.312791
0 87.113244
0 86.803328
0 86.332994
0 86.093829
0 85.711571
0 85.278644
0 85.728411
0 85.553620
0 85.895302
0 85.514517
0 85.137886
0 85.321369
0 85.138015
0 85.380574
0 85.656447
0 85.179419
0 84.916368
0 84.477394
0 84.188092
0 83.872306
0 83.714037
0 83.928836
0 85.061964
0 85.082032
0 84.645329
0 84.295918
0 83.871540
0 83.663502
0 83.403612
0 83.055304
0 82.732224
0 82.315681
0 82.046291
0 81.715950
0 81.505420
0 81.307028
0 81.001816
0 80.765959
0 80.413353
0 80.189518
0 80.309333
0 80.186269
0 80.425923
0 80.304694
0 81.111025
0 83.152233
0 84.162373
0 83.933077
0 83.655364
0 83.466699
0 84.145772
0 83.917669
0 83.703710
0 83.405437
0 83.075241
0 82.786722
0 82.632211
0 82.733318
0 82.440300
0 82.341592
0 82.201182
0 82.431615
0 82.623144
0 82.347592
0 82.135426
0 81.847735
0 81.887266
0 81.773687
0 81.589702
0 81.440357
0 81.960230
0 82.321257
0 82.861081
0 82.982922
0 82.714039
0 82.837312
0 82.915831
0 82.855286
0 82.775978
0 82.588918
0 83.240378
0 83.530771
0 83.306181
0 83.313339
0 83.293916
0 83.541102
0 83.693427
0 83.390755
0 83.097273
0 82.877160
0 82.725552
0 82.447151
0 82.220415
0 82.066064
0 81.874353
0 81.711305
0 81.622624
0 81.536324
0 81.247147
0 81.140599
0 81.024992
0 80.939032
0 80.998010
0 81.095388
0 80.912838
0 80.766537
0 80.521216
0 80.497306
0 80.366253
0 80.641747
0 80.658589
0 80.753338
0 80.695800
0 80.636554
0 80.518162
0 80.485185
0 80.684616
0 80.625583
0 80.388270
0 80.201374
0 80.088338
0 79.968514
0 80.460836
0 80.852239
0 80.841094
0 81.265573
0 82.213914
0 82.729528
0 82.602884
0 82.501059
0 82.268437
0 82.147189
0 82.115005
0 81.912877
0 82.002109
0 82.232733
0 82.279311
0 82.102862
0 81.938232
0 81.737560
0 81.689605
0 82.117823
0 82.454357
0 83.341654
0 83.652855
0 83.490773
0 83.411327
0 83.193337
0 82.991651
0 82.954996
0 83.090377
0 83.144298
0 82.901886
0 82.710487
0 82.639699
0 82.728166
0 82.812047
0 83.122630
0 83.602105
0 83.781329
0 83.612581
0 83.502115
0 83.410524
0 83.352545
0 83.195288
0 83.015868
0 83.247537
0 83.164903
0 82.967832
0 83.183502
0 83.369460
0 83.173908
0 82.952040
0 82.818839
0 82.852604
0 83.132879
0 83.351619
0 83.503004
0 83.621934
0 83.702827
0 84.079463
0 84.086463
0 84.195436
0 84.128398
0 84.039124
0 83.956335
0 83.896107
0 83.745580
0 83.663397
0 83.535522
0 83.345546
0 83.137472
0 82.970539
0 82.773605
0 82.662170
0 82.653249
0 82.765242
0 82.864657
0 82.738724
0 82.632452
0 82.683227
0 82.574992
0 82.535858
0 82.546068
0 82.544939
0 82.348741
0 82.607849
0 82.590650
0 82.523044
0 82.389392
0 82.267575
0 82.206330
0 82.163505
0 82.091440
0 81.990572
0 81.929927
0 81.778343
0 81.706707
0 81.652544
0 81.528198
0 81.407503
0 81.331553
0 81.213135
0 81.457860
0 81.795000
0 81.635010
0 81.491672
0 81.319094
0 81.339221
0 81.157736
0 81.029207
0 80.857396
0 81.007845
0 81.416877
0 82.305815
0 83.413722
0 83.829715
0 83.782417
0 83.794432
0 83.635059
0 83.499141
0 83.524752
0 83.562085
0 84.039029
0 84.228872
0 84.191642
0 84.063432
0 84.017667
0 84.015939
0 84.002354
0 83.884738
