0 0.00000000000385824706
0 0.00000000004908429219
0 0.00000000004180122914
0 0.00000000005410782933
0 0.00000000009772094245
0 0.00000000007372591426
0 0.00000000008611067415
0 0.00000000008762413017
0 0.00000000009242739907
0 0.00000000025629987022
0 0.00000000003318234576
0 0.00000000023760549084
0 0.00000000000022026825
0 0.00000000013399414911
0 0.00000000046183856739
0 0.00000000029694291470
0 0.00000000064560623514
0 0.00000000054969007124
0 0.00000000114226850201
0 0.00000000162447122420
0 0.00000000120155618788
0 0.00000000139593225867
0 0.00000000133307764827
0 0.00000000059242211137
0 0.00000000106436459646
0 0.00000000094273389095
0 0.00000000203742445137
0 0.00000000171868919097
0 0.00000000099034025425
0 0.00000000082799544998
0 0.00000000016001422409
0 0.00000000074965100794
0 0.00000000132648381168
0 0.00000000180018844276
0 0.00000000112463283131
0 0.00000000059897331539
0 0.00000000177602998974
0 0.00000000138987843457
0 0.00000000228752128351
0 0.00000000025845281471
0 0.00000000087898399670
0 0.00000000306715719489
0 0.00000000138949474149
0 0.00000000200616057100
0 0.00000000129705313157
0 0.00000000107623066015
0 0.00000000141193368108
0 0.00000000279061396213
0 0.00000000530735633220
0 0.00000000269515965101
0 0.00000000208888195630
0 0.00000000285596968297
0 0.00000000065129768245
0 0.00000000046163961542
0 0.00000000229653096540
0 0.00000000167064229117
0 0.00000000006899369964
0 0.00000000182235737611
0 0.00000000066550853717
0 0.00000000285997714400
0 0.00000000426190638336
0 0.00000000448140724529
0 0.00000000756915596867
0 0.00000000808938693808
0 0.00000000861349747083
0 0.00000000859844817569
0 0.00000000400125088618
0 0.00000000649636433536
0 0.00000000898597818377
0 0.00000000652990195249
0 0.00000000784071119142
0 0.00000000697090740687
0 0.00000000893778917543
0 0.00000001091446222290
0 0.00000001012708139569
0 0.00000001431239127214
0 0.00000001761387125043
0 0.00000002032017221154
0 0.00000001900095014662
0 0.00000001876495048236
0 0.00000001700723828435
0 0.00000001316095676884
0 0.00000001320506726188
0 0.00000001506857927325
0 0.00000001464169940846
0 0.00000001384357517509
0 0.00000001125972914906
0 0.00000001278156958051
0 0.00000001336943000751
0 0.00000001071829558441
0 0.00000001276430339203
0 0.00000001510524327841
0 0.00000001441387098566
0 0.00000001319050113580
0 0.00000001880978572899
0 0.00000001142976202573
0 0.00000001174122132852
0 0.00000001191376952647
0 0.00000001446086628221
0 0.00000001441051722395
0 0.00000001218634793076
0 0.00000001404811200700
0 0.00000000939135702538
0 0.00000001365194179925
0 0.00000001404045235631
0 0.00000001298961649354
0 0.00000001408594130226
0 0.00000001580944797297
0 0.00000001605275201655
0 0.00000001086951328944
0 0.00000001009554750908
0 0.00000001193595267068
0 0.00000001071737187885
0 0.00000001306241870225
0 0.00000001473806321428
0 0.00000001514011671588
0 0.00000001259823534383
0 0.00000001271205007924
0 0.00000001646188252380
0 0.00000001537266314244
0 0.00000001423381945642
0 0.00000001520946568689
0 0.00000001495030232945
0 0.00000001148916339844
0 0.00000001355957124360
0 0.00000001567300955685
0 0.00000001470388610869
0 0.00000001020782747219
0 0.00000001095702373277
0 0.00000000794473464794
0 0.00000001677675243172
0 0.00000001330396059984
0 0.00000000572967451262
0 0.00000001216947964622
0 0.00000001787746839454
0 0.00000001819945794068
0 0.00000001428347218280
0 0.00000000883875372892
0 0.00000001196052323849
0 0.00000001226570134349
0 0.00000001959958240150
0 0.00000002655019670783
0 0.00000002646743268997
0 0.00000002878310567667
0 0.00000002726594061642
0 0.00000002834042334143
0 0.00000002806875443184
0 0.00000001968535912056
0 0.00000001478491640228
0 0.00000001811065430957
0 0.00000001842866481638
0 0.00000002639939111759
0 0.00000002501587914594
0 0.00000002918883978964
0 0.00000002855546199498
0 0.00000003093721545611
0 0.00000003526375280671
0 0.00000003854164276618
0 0.00000003577406459954
0 0.00000002971053447709
0 0.00000002903304618940
0 0.00000002169585400225
0 0.00000001721181774883
0 0.00000000872395844453
0 0.00000001120695003465
0 0.00000001148532646766
0 0.00000001683099526417
0 0.00000001774039048996
0 0.00000001433920715499
0 0.00000000306290814933
0 0.00000000012762768620
0 0.00000000093407948043
0 0.00000000874344152635
0 0.00000001008675099001
0 0.00000001360658075100
0 0.00000001890452949738
0 0.00000001574143482230
0 0.00000001208240973938
0 0.00000001422461082257
0 0.00000000842634051423
0 0.00000001546025885091
0 0.00000001157667384177
0 0.00000000701288627170
0 0.00000000807790456747
0 0.00000000880665140812
0 0.00000000719153092632
0 0.00000000988002568647
0 0.00000000864656612976
0 0.00000000094995300515
0 0.00000000028607871627
0 0.00000000083552720298
0 0.00000000605869843184
0 0.00000000071244699029
0 0.00000000458628335309
0 0.00000000040147085656
0 0.00000000671859368140
0 0.00000000675414923990
0 0.00000001050767650668
0 0.00000001545379291201
0 0.00000001832428608850
0 0.00000001673868155194
0 0.00000001852251330092
0 0.00000002258531139887
0 0.00000001475976318943
0 0.00000001993936393774
0 0.00000001883080358311
0 0.00000000684912038196
0 0.00000000369713859527
0 0.00000000582028292229
0 0.00000000382692633139
0 0.00000000064393645971
0 0.00000000197134397695
0 0.00000000341098882473
0 0.00000000739694883123
0 0.00000000416548573412
0 0.00000000499417751598
0 0.00000000062973981585
0 0.00000000090680885023
0 0.00000000045100989610
0 0.00000000056488147493
0 0.00000000399187172206
0 0.00000000779535014317
0 0.00000000737881578061
0 0.00000000012310863440
0 0.00000001079295941508
0 0.00000000106275876988
0 0.00000000339450423326
0 0.00000000269913869033
0 0.00000000539672839750
0 0.00000000018705748062
0 0.00000000912278608212
0 0.00000000909260222670
0 0.00000001364223578548
0 0.00000002063899273708
0 0.00000002885292360588
0 0.00000003275845017470
0 0.00000002763604811662
0 0.00000002545871780057
0 0.00000002893662554015
0 0.00000003331602727030
0 0.00000003642900026080
0 0.00000003964449035720
0 0.00000005168793393295
0 0.00000005138363690094
0 0.00000004709812628789
0 0.00000005420484683327
0 0.00000006239825722787
0 0.00000005820525927902
0 0.00000006386785855739
0 0.00000006041423716852
0 0.00000006344744463149
0 0.00000005480671916303
0 0.00000005507888545253
0 0.00000004938904396568
0 0.00000005011075643324
0 0.00000005122917912104
0 0.00000005509814116067
0 0.00000005899107691221
0 0.00000005175481021524
0 0.00000004629708882931
0 0.00000004364783023902
0 0.00000004672999409649
0 0.00000005920908563439
0 0.00000004772967088229
0 0.00000004710594225799
0 0.00000001659293502598
0 0.00000001789159398413
0 0.00000003826852434941
0 0.00000003657335412299
0 0.00000002105491603288
0 0.00000002750346084213
0 0.00000002581720082162
0 0.00000004614169313299
0 0.00000004244904516781
0 0.00000002755152195277
0 0.00000001899549317841
0 0.00000001825705453484
0 0.00000003545417825990
0 0.00000003881127952354
0 0.00000003825179817341
0 0.00000004543582576844
0 0.00000002700851098325
0 0.00000003749042321033
0 0.00000003599329545523
0 0.00000004097782380086
0 0.00000004188750324374
0 0.00000003240980106511
0 0.00000004494802396948
0 0.00000003845686080695
0 0.00000005052783080828
0 0.00000005330402075288
0 0.00000004942110365391
0 0.00000005486366205787
0 0.00000007305749250008
0 0.00000006585385392555
0 0.00000006624306081449
0 0.00000007102366339495
0 0.00000006907878002949
0 0.00000007369872889740
0 0.00000007547416203124
0 0.00000007467377827197
0 0.00000006467142554811
0 0.00000007403818358398
0 0.00000008328792944212
0 0.00000009714808868466
0 0.00000009764349329089
0 0.00000008894488701117
0 0.00000010136913886072
0 0.00000010094751701217
0 0.00000010279178752626
0 0.00000010463919863923
0 0.00000009662267075328
0 0.00000011251523801548
0 0.00000010986039455929
0 0.00000010690537521896
0 0.00000009091692732000
0 0.00000009031604975007
0 0.00000008141502405579
0 0.00000007696512227540
0 0.00000007567598458991
0 0.00000008141455509758
0 0.00000008848751065216
0 0.00000008370864179597
0 0.00000007681157399020
0 0.00000008237870474659
0 0.00000009105403364629
0 0.00000009976845660731
0 0.00000009643898124523
0 0.00000008555716135561
0 0.00000009463580852298
0 0.00000007965836346102
0 0.00000007876002428020
0 0.00000008276887797365
0 0.00000008223854308653
0 0.00000010156945506878
0 0.00000010379366699453
0 0.00000009984391624585
0 0.00000010954028084598
0 0.00000010685253926113
0 0.00000010113090809227
0 0.00000010649797843598
0 0.00000010304468389677
0 0.00000009390446109592
0 0.00000008501335457822
0 0.00000009180874371850
0 0.00000008987223054646
0 0.00000009233025366484
0 0.00000008911982263271
0 0.00000007640149135568
0 0.00000007548131009116
0 0.00000006998888579801
0 0.00000008181858390799
0 0.00000007991272354957
0 0.00000009127880673532
0 0.00000008981790244889
0 0.00000008597072564953
0 0.00000009181127325064
0 0.00000009011692725380
0 0.00000010148977480640
0 0.00000009891515162508
