0 0.191182
0 0.286796
0 0.334566
0 0.371782
0 0.449606
0 0.463448
0 0.492028
0 0.503421
0 0.477405
0 0.452872
0 0.470140
0 0.471364
0 0.528791
0 0.543438
0 0.523148
0 0.522779
0 0.518293
0 0.520478
0 0.545233
0 0.668511
0 0.718555
0 0.712053
0 0.701546
0 0.703571
0 0.721247
0 0.708413
0 0.737864
0 0.806318
0 0.829470
0 0.877444
0 0.952385
0 0.988905
0 1.008090
0 0.991356
0 1.003474
0 0.996288
0 0.981683
0 0.965428
0 0.949967
0 0.935505
0 0.924087
0 0.929415
0 0.924922
0 0.939692
0 0.971318
0 0.983790
0 0.970197
0 0.967859
0 0.959195
0 0.966936
0 0.994060
0 0.998899
0 0.998215
0 0.994303
0 0.983238
0 0.972852
0 0.964418
0 0.961532
0 0.951204
0 0.941295
0 0.930732
0 0.929648
0 0.925298
0 0.925528
0 0.939853
0 0.947233
0 0.943312
0 0.942038
0 0.936613
0 0.935793
0 0.927525
0 0.929779
0 0.923056
0 0.914554
0 0.908374
0 0.905177
0 0.896195
0 0.888628
0 0.882932
0 0.876956
0 0.871778
0 0.866170
0 0.861090
0 0.864857
0 0.865434
0 0.862295
0 0.864554
0 0.865254
0 0.869596
0 0.895336
0 0.915709
0 0.915017
0 0.908139
0 0.900476
0 0.897013
0 0.895879
0 0.890490
0 0.898074
0 0.901193
0 0.894975
0 0.891731
0 0.892586
0 0.889792
0 0.888282
0 0.885072
0 0.884395
0 0.878797
0 0.873317
0 0.872904
0 0.870936
0 0.867902
0 0.863136
0 0.860761
0 0.856975
0 0.852729
0 0.857129
0 0.855377
0 0.858916
0 0.854993
0 0.851329
0 0.853066
0 0.851349
0 0.853819
0 0.856611
0 0.851963
0 0.849289
0 0.844925
0 0.842130
0 0.838981
0 0.837375
0 0.839406
0 0.850779
0 0.851021
0 0.846706
0 0.843285
0 0.839153
0 0.837015
0 0.834359
0 0.830900
0 0.827720
0 0.823619
0 0.820948
0 0.817682
0 0.815562
0 0.813588
0 0.810498
0 0.808181
0 0.804645
0 0.802455
0 0.803579
0 0.802367
0 0.804787
0 0.803545
0 0.811460
0 0.831794
0 0.841922
0 0.839699
0 0.836932
0 0.834998
0 0.841841
0 0.839685
0 0.837599
0 0.834556
0 0.831240
0 0.828400
0 0.826771
0 0.827820
0 0.824828
0 0.823843
0 0.822432
0 0.824669
0 0.826583
0 0.823824
0 0.821694
0 0.818858
0 0.819239
0 0.818081
0 0.816224
0 0.814712
0 0.819960
0 0.823532
0 0.828920
0 0.830162
0 0.827502
0 0.828697
0 0.829489
0 0.828849
0 0.828073
0 0.826198
0 0.832733
0 0.835610
0 0.833378
0 0.833406
0 0.833214
0 0.835655
0 0.837249
0 0.834217
0 0.831354
0 0.829160
0 0.827623
0 0.824826
0 0.822592
0 0.821053
0 0.819086
0 0.817504
0 0.816554
0 0.815659
0 0.812804
0 0.811717
0 0.810539
0 0.809642
0 0.810165
0 0.811168
0 0.809372
0 0.807969
0 0.805523
0 0.805241
0 0.803943
0 0.806629
0 0.806820
0 0.807724
0 0.807160
0 0.806563
0 0.805432
0 0.805075
0 0.807044
0 0.806431
0 0.804121
0 0.802279
0 0.801116
0 0.799905
0 0.804771
0 0.808659
0 0.808562
0 0.812732
0 0.822164
0 0.827390
0 0.826086
0 0.825053
0 0.822736
0 0.821520
0 0.821175
0 0.819192
0 0.819973
0 0.822265
0 0.822751
0 0.821014
0 0.819380
0 0.817381
0 0.816887
0 0.821146
0 0.824520
0 0.833370
0 0.836478
0 0.834909
0 0.834091
0 0.831896
0 0.829915
0 0.829537
0 0.830874
0 0.831432
0 0.829056
0 0.827128
0 0.826386
0 0.827259
0 0.828063
0 0.831129
0 0.835914
0 0.837729
0 0.836020
0 0.834922
0 0.833966
0 0.833348
0 0.831794
0 0.830025
0 0.832335
0 0.831508
0 0.829549
0 0.831657
0 0.833515
0 0.831604
0 0.829435
0 0.828061
0 0.828362
0 0.831128
0 0.833328
0 0.834844
0 0.836017
0 0.836852
0 0.840586
0 0.840700
0 0.841728
0 0.841060
0 0.840135
0 0.839293
0 0.838653
0 0.837125
0 0.836281
0 0.835004
0 0.833157
0 0.831088
0 0.829429
0 0.827486
0 0.826415
0 0.826336
0 0.827435
0 0.828426
0 0.827207
0 0.826162
0 0.826631
0 0.825552
0 0.825132
0 0.825210
0 0.825200
0 0.823243
0 0.825838
0 0.825648
0 0.824930
0 0.823594
0 0.822418
0 0.821805
0 0.821396
0 0.820689
0 0.819691
0 0.819100
0 0.817612
0 0.816938
0 0.816386
0 0.815177
0 0.813974
0 0.813212
0 0.812019
0 0.814428
0 0.817792
0 0.816199
0 0.814774
0 0.813060
0 0.813296
0 0.811526
0 0.810256
0 0.808542
0 0.810012
0 0.814071
0 0.822935
0 0.834028
0 0.838200
0 0.837715
0 0.837833
0 0.836225
0 0.834885
0 0.835124
0 0.835501
0 0.840246
0 0.842163
0 0.841823
0 0.840593
0 0.840148
0 0.840134
0 0.840010
0 0.838845
