0 0.971118
0 0.976546
0 0.980573
0 0.983204
0 0.986563
0 0.985856
0 0.985847
0 0.987452
0 0.985583
0 0.983957
0 0.984255
0 0.983726
0 0.984978
0 0.985362
0 0.984575
0 0.983925
0 0.983757
0 0.983821
0 0.984278
0 0.985064
0 0.985776
0 0.986005
0 0.986326
0 0.986724
0 0.987255
0 0.986833
0 0.987320
0 0.987773
0 0.988195
0 0.988588
0 0.988956
0 0.989302
0 0.989626
0 0.989713
0 0.990007
0 0.990285
0 0.990043
0 0.989842
0 0.989581
0 0.989431
0 0.989497
0 0.989747
0 0.989643
0 0.989878
0 0.990103
0 0.990318
0 0.990039
0 0.990222
0 0.990254
0 0.990279
0 0.990470
0 0.990653
0 0.990829
0 0.990707
0 0.990502
0 0.990294
0 0.990355
0 0.990481
0 0.990346
0 0.990309
0 0.990067
0 0.990214
0 0.990275
0 0.990421
0 0.990569
0 0.990712
0 0.990716
0 0.990744
0 0.990715
0 0.990801
0 0.990665
0 0.990751
0 0.990805
0 0.990520
0 0.990343
0 0.990307
0 0.989962
0 0.989853
0 0.989769
0 0.989829
0 0.989876
0 0.989768
0 0.989506
0 0.989604
0 0.989726
0 0.989825
0 0.989813
0 0.989878
0 0.989964
0 0.990075
0 0.990184
0 0.990237
0 0.990118
0 0.989811
0 0.989678
0 0.989747
0 0.989729
0 0.989834
0 0.989936
0 0.989796
0 0.989874
0 0.989942
0 0.989847
0 0.989887
0 0.989944
0 0.989914
0 0.989748
0 0.989701
0 0.989781
0 0.989734
0 0.989690
0 0.989671
0 0.989696
0 0.989679
0 0.989419
0 0.989510
0 0.989573
0 0.989661
0 0.989663
0 0.989643
0 0.989616
0 0.989578
0 0.989566
0 0.989518
0 0.989311
0 0.989234
0 0.989219
0 0.989226
0 0.989176
0 0.989188
0 0.989270
0 0.989352
0 0.989356
0 0.989231
0 0.989131
0 0.988998
0 0.989018
0 0.989070
0 0.988945
0 0.988868
0 0.988842
0 0.988749
0 0.988691
0 0.988751
0 0.988739
0 0.988770
0 0.988767
0 0.988744
0 0.988764
0 0.988771
0 0.988815
0 0.988889
0 0.988928
0 0.989000
0 0.989071
0 0.989141
0 0.989109
0 0.989087
0 0.989115
0 0.989183
0 0.989178
0 0.989180
0 0.989141
0 0.989070
0 0.989008
0 0.988969
0 0.988973
0 0.988962
0 0.989027
0 0.989055
0 0.989119
0 0.989134
0 0.989102
0 0.989097
0 0.988968
0 0.989031
0 0.989068
0 0.989084
0 0.989080
0 0.989140
0 0.989200
0 0.989260
0 0.989318
0 0.989279
0 0.989328
0 0.989370
0 0.989381
0 0.989334
0 0.989320
0 0.989377
0 0.989432
0 0.989451
0 0.989505
0 0.989501
0 0.989555
0 0.989563
0 0.989513
0 0.989476
0 0.989442
0 0.989458
0 0.989318
0 0.989295
0 0.989328
0 0.989323
0 0.989252
0 0.989235
0 0.989243
0 0.989146
0 0.989192
0 0.989221
0 0.989268
0 0.989295
0 0.989291
0 0.989272
0 0.989244
0 0.989182
0 0.989219
0 0.989233
0 0.989282
0 0.989309
0 0.989356
0 0.989376
0 0.989401
0 0.989368
0 0.989407
0 0.989454
0 0.989491
0 0.989420
0 0.989415
0 0.989402
0 0.989410
0 0.989456
0 0.989501
0 0.989500
0 0.989535
0 0.989579
0 0.989623
0 0.989614
0 0.989593
0 0.989531
0 0.989566
0 0.989582
0 0.989531
0 0.989573
0 0.989606
0 0.989609
0 0.989579
0 0.989573
0 0.989540
0 0.989518
0 0.989560
0 0.989601
0 0.989642
0 0.989683
0 0.989610
0 0.989593
0 0.989536
0 0.989507
0 0.989520
0 0.989551
0 0.989586
0 0.989505
0 0.989464
0 0.989501
0 0.989541
0 0.989531
0 0.989570
0 0.989609
0 0.989648
0 0.989652
0 0.989636
0 0.989669
0 0.989673
0 0.989609
0 0.989617
0 0.989641
0 0.989636
0 0.989584
0 0.989616
0 0.989643
0 0.989606
0 0.989526
0 0.989515
0 0.989544
0 0.989581
0 0.989617
0 0.989649
0 0.989669
0 0.989646
0 0.989682
0 0.989687
0 0.989723
0 0.989742
0 0.989777
0 0.989792
0 0.989827
0 0.989823
0 0.989856
0 0.989816
0 0.989779
0 0.989722
0 0.989708
0 0.989661
0 0.989644
0 0.989617
0 0.989651
0 0.989684
0 0.989684
0 0.989639
0 0.989673
0 0.989669
0 0.989665
0 0.989698
0 0.989714
0 0.989659
0 0.989687
0 0.989707
0 0.989729
0 0.989727
0 0.989694
0 0.989686
0 0.989715
0 0.989700
0 0.989676
0 0.989663
0 0.989625
0 0.989577
0 0.989596
0 0.989574
0 0.989566
0 0.989570
0 0.989592
0 0.989623
0 0.989654
0 0.989636
0 0.989604
0 0.989538
0 0.989500
0 0.989406
0 0.989373
0 0.989334
0 0.989366
0 0.989397
0 0.989427
0 0.989458
0 0.989488
0 0.989511
0 0.989538
0 0.989515
0 0.989467
0 0.989426
0 0.989456
0 0.989486
0 0.989506
0 0.989513
0 0.989471
0 0.989485
0 0.989515
0 0.989538
0 0.989521
