100 33.033342
200 38.033832
300 49.777077
400 60.200089
500 65.703505
600 66.805897
700 68.632371
800 62.147246
900 55.665978
1000 51.336360
1100 48.141953
1200 48.789630
1300 47.883800
1400 47.313889
1500 48.875520
1600 50.794285
1700 55.316096
1800 60.793560
1900 65.304320
2000 69.877236
2100 76.612102
2200 83.116269
2300 89.043644
2400 92.766034
2500 96.856046
2600 101.159669
2700 105.752229
2800 109.900672
2900 112.566191
3000 112.681624
3100 112.961823
3200 113.848679
3300 114.588733
3400 115.627653
3500 115.704829
3600 116.134346
3700 116.276789
3800 117.227553
3900 118.452168
4000 119.375118
4100 120.940160
4200 122.571547
4300 124.715325
4400 126.684987
4500 128.041074
4600 129.128307
4700 132.183652
4800 135.251414
4900 136.890458
5000 139.017114
5100 141.380480
5200 143.726294
5300 146.313301
5400 148.672060
5500 151.334502
5600 152.981594
5700 154.426583
5800 155.355112
5900 155.819149
6000 156.047136
6100 156.671007
6200 156.443671
6300 155.772203
6400 155.400067
6500 154.618379
6600 154.102405
6700 153.701026
6800 153.649643
6900 153.391810
7000 153.217553
7100 153.125074
7200 152.531375
7300 151.755400
7400 150.670117
7500 149.880182
7600 149.005213
7700 148.263237
7800 147.967208
7900 147.959892
8000 148.364715
8100 148.751442
8200 149.465015
8300 150.689783
8400 152.362175
8500 154.272915
8600 156.020403
8700 157.567087
8800 159.064281
8900 160.619848
9000 162.474504
9100 164.401790
9200 166.096720
9300 167.760225
9400 168.937069
9500 169.871105
9600 170.702385
9700 171.267244
9800 171.960550
9900 172.670941
10000 173.755337
10100 174.913667
10200 175.732637
10300 176.546519
10400 177.585929
10500 178.223538
10600 179.380171
10700 180.954407
10800 182.521483
10900 184.288097
11000 186.045348
11100 188.072797
11200 190.323564
11300 192.433784
11400 194.542729
11500 196.774063
11600 198.957020
11700 201.104610
11800 203.190267
11900 205.019242
12000 206.531282
12100 207.982159
12200 209.861205
12300 211.544768
12400 213.175230
12500 214.661975
12600 216.299950
12700 217.973569
12800 219.544847
12900 221.272245
13000 223.232146
13100 224.885611
13200 226.132239
13300 226.901138
13400 227.841218
13500 228.665525
13600 229.811105
13700 230.437059
13800 230.595799
13900 230.692603
14000 230.552966
14100 230.252535
14200 229.865171
14300 229.210220
14400 228.114431
14500 226.986165
14600 225.655752
14700 224.176250
14800 222.959597
14900 221.717118
15000 220.379809
15100 219.023293
15200 217.617478
15300 216.360004
15400 215.370447
15500 214.436273
15600 213.453045
15700 212.452807
15800 211.345703
15900 210.186686
16000 209.072884
16100 208.102517
16200 206.989448
16300 205.906126
16400 204.858588
16500 203.720415
16600 202.565351
16700 201.420270
16800 200.266240
16900 199.352725
17000 198.374568
17100 197.303145
17200 196.209590
17300 195.128692
17400 194.108313
17500 193.063316
17600 192.234913
17700 191.440873
17800 190.715662
17900 190.161506
18000 189.700849
18100 189.298721
18200 188.833715
18300 188.276141
18400 187.478911
18500 186.568429
18600 185.687974
18700 184.786007
18800 183.963563
18900 183.111009
19000 182.245813
19100 181.419512
19200 180.647703
19300 179.904451
19400 179.193486
19500 178.580784
19600 178.239821
19700 177.978827
19800 177.738260
19900 177.580342
20000 177.155526
20100 176.756882
20200 176.498218
20300 176.355735
20400 176.224052
20500 176.114430
20600 176.038242
20700 175.844170
20800 175.610303
20900 175.362414
21000 175.168615
21100 175.033058
21200 174.767974
21300 174.628957
21400 174.599306
21500 174.582029
21600 174.450021
21700 174.501028
21800 174.489545
21900 174.529246
22000 174.526516
22100 174.661920
22200 174.560692
22300 174.503446
22400 174.508771
22500 174.605175
22600 174.799056
22700 174.969160
22800 175.124131
22900 175.256399
23000 175.283932
23100 175.145612
23200 174.930697
23300 174.561004
23400 174.198070
23500 173.888850
23600 173.530041
23700 173.051775
23800 172.557445
23900 172.131406
24000 171.525389
24100 170.879530
24200 170.259966
24300 169.602632
24400 168.966053
24500 168.329411
24600 167.730702
24700 167.297879
24800 167.209909
24900 167.069405
25000 166.987532
25100 166.917432
25200 166.710325
25300 166.445435
25400 166.057366
25500 165.566823
25600 165.089119
25700 164.667545
25800 164.297295
25900 163.919579
26000 163.598102
26100 163.186562
26200 162.648966
26300 162.136917
26400 161.691177
26500 161.338870
26600 160.814263
26700 160.271709
26800 159.795157
26900 159.289787
27000 158.781460
27100 158.252875
27200 157.738561
27300 157.239832
27400 156.717718
27500 156.201484
27600 155.672924
27700 155.172894
27800 154.646400
27900 154.160755
28000 153.695015
28100 153.286367
28200 152.944765
28300 152.580221
28400 152.093058
28500 151.665510
28600 151.192345
28700 150.785399
28800 150.395767
28900 150.111245
29000 149.804988
29100 149.375713
29200 148.879116
29300 148.415752
29400 147.976047
29500 147.523666
29600 147.077556
29700 146.663004
29800 146.265084
29900 145.960067
30000 145.700131
30100 145.395653
30200 144.990370
30300 144.628364
30400 144.171581
30500 143.748258
30600 143.375503
30700 142.981312
30800 142.608921
30900 142.322860
31000 142.123784
31100 141.938057
31200 141.739028
31300 141.595126
31400 141.557896
31500 141.684915
31600 141.826441
31700 141.811962
31800 141.755422
31900 141.656980
32000 141.473592
32100 141.216951
32200 141.065857
32300 140.886946
32400 140.655325
32500 140.405589
32600 140.201044
32700 139.893687
32800 139.499583
32900 139.125713
33000 138.757019
33100 138.373962
33200 138.003803
33300 137.706401
33400 137.416091
33500 137.090744
33600 136.799725
33700 136.534679
33800 136.282117
33900 135.989991
34000 135.718438
34100 135.507595
34200 135.233764
34300 134.939877
34400 134.714823
34500 134.504292
34600 134.310747
34700 134.134748
34800 133.799007
34900 133.454061
35000 133.182452
35100 133.024498
35200 132.890551
35300 132.723402
35400 132.545312
35500 132.300343
35600 132.004017
35700 131.672437
35800 131.330221
35900 130.988939
36000 130.671517
