100 0.00000000000012789769
200 0.00000000000020605739
300 0.00000000000059685590
400 0.00000000000192557081
500 0.00000000000268585154
600 0.00000000000147792889
700 0.00000000000279953838
800 0.00000000000649436060
900 0.00000000000247979415
1000 0.00000000000359534624
1100 0.00000000000750333129
1200 0.00000000000465405492
1300 0.00000000000118660637
1400 0.00000000000889599505
1500 0.00000000001767830327
1600 0.00000000001738698074
1700 0.00000000001368505309
1800 0.00000000000630251407
1900 0.00000000000285638180
2000 0.00000000001152500317
2100 0.00000000001692512797
2200 0.00000000002839328772
2300 0.00000000002576427960
2400 0.00000000001858779797
2500 0.00000000002468425464
2600 0.00000000001280398010
2700 0.00000000001610089839
2800 0.00000000002094679985
2900 0.00000000005378808510
3000 0.00000000004527578312
3100 0.00000000003851141628
3200 0.00000000006708944511
3300 0.00000000006848210887
3400 0.00000000005641709322
3500 0.00000000003258548986
3600 0.00000000003862510312
3700 0.00000000002178524028
3800 0.00000000001057287591
3900 0.00000000001492139745
4000 0.00000000004156675004
4100 0.00000000003952038696
4200 0.00000000004185096714
4300 0.00000000004665423603
4400 0.00000000005682920801
4500 0.00000000004905587048
4600 0.00000000004050093594
4700 0.00000000004328626346
4800 0.00000000004530420483
4900 0.00000000003120703695
5000 0.00000000003197442311
5100 0.00000000004880007509
5200 0.00000000005366018740
5300 0.00000000005334754860
5400 0.00000000003916511560
5500 0.00000000005212541510
5600 0.00000000010282974472
5700 0.00000000012929035620
5800 0.00000000016265744307
5900 0.00000000015765522221
6000 0.00000000010953726814
6100 0.00000000010498979464
6200 0.00000000012548184714
6300 0.00000000011320366866
6400 0.00000000008768097359
6500 0.00000000007918288247
6600 0.00000000009842437976
6700 0.00000000010180656318
6800 0.00000000010888356883
6900 0.00000000011195311345
7000 0.00000000011644374354
7100 0.00000000011417000678
7200 0.00000000010288658814
7300 0.00000000012136069927
7400 0.00000000007534595170
7500 0.00000000007719336281
7600 0.00000000008478195923
7700 0.00000000008685674402
7800 0.00000000006451728041
7900 0.00000000007315748007
8000 0.00000000009339373719
8100 0.00000000002816591405
8200 0.00000000002640376806
8300 0.00000000003265654414
8400 0.00000000002384581421
8500 0.00000000002142996891
8600 0.00000000000244426701
8700 0.00000000001290345608
8800 0.00000000001989519660
8900 0.00000000004553157851
9000 0.00000000005567812877
9100 0.00000000005567812877
9200 0.00000000009640643839
9300 0.00000000009057998795
9400 0.00000000009552536540
9500 0.00000000013307044355
9600 0.00000000012383338799
9700 0.00000000011263523447
9800 0.00000000013631051843
9900 0.00000000010254552762
10000 0.00000000008381562111
10100 0.00000000014330225895
10200 0.00000000016638068701
10300 0.00000000014398437997
10400 0.00000000014225065570
10500 0.00000000025377744350
10600 0.00000000027839064387
10700 0.00000000022427570912
10800 0.00000000017413981368
10900 0.00000000018187051865
11000 0.00000000017871570890
11100 0.00000000022171775527
11200 0.00000000029049829209
11300 0.00000000028006752473
11400 0.00000000032804337025
11500 0.00000000022581048142
11600 0.00000000018758328224
11700 0.00000000021353230295
11800 0.00000000022410517886
11900 0.00000000026830093702
12000 0.00000000024590462999
12100 0.00000000022183144210
12200 0.00000000013153567124
12300 0.00000000011593215277
12400 0.00000000011650058696
12500 0.00000000021901769287
12600 0.00000000021208279577
12700 0.00000000019980461730
12800 0.00000000020330048756
12900 0.00000000013341150407
13000 0.00000000012710188457
13100 0.00000000005366018740
13200 0.00000000005610445442
13300 0.00000000010740563994
13400 0.00000000014367174117
13500 0.00000000020065726858
13600 0.00000000015720047486
13700 0.00000000017908519112
13800 0.00000000020614265850
13900 0.00000000026761881600
14000 0.00000000027458213481
14100 0.00000000029518787414
14200 0.00000000028879298952
14300 0.00000000027381474865
14400 0.00000000028012436815
14500 0.00000000033361402529
14600 0.00000000034157210393
14700 0.00000000045139358917
14800 0.00000000044724401960
14900 0.00000000038630787458
15000 0.00000000047938897296
15100 0.00000000048783022066
15200 0.00000000048078163672
15300 0.00000000047387516133
15400 0.00000000042609826778
15500 0.00000000031207036955
15600 0.00000000017158185983
15700 0.00000000007702283256
15800 0.00000000014981083041
15900 0.00000000023146640160
16000 0.00000000022509993869
16100 0.00000000027475266506
16200 0.00000000030513547244
16300 0.00000000032559910323
16400 0.00000000027549162951
16500 0.00000000026224711291
16600 0.00000000011968381841
16700 0.00000000013190515347
16800 0.00000000004536104825
16900 0.00000000001088551471
17000 0.00000000005982769835
17100 0.00000000015859313862
17200 0.00000000009532641343
17300 0.00000000018795276446
17400 0.00000000018664536583
17500 0.00000000020091306396
17600 0.00000000021807977646
17700 0.00000000025156055017
17800 0.00000000020057200345
17900 0.00000000024326141101
18000 0.00000000014216539057
18100 0.00000000008228084880
18200 0.00000000001480771061
18300 0.00000000003396394277
18400 0.00000000007278799785
18500 0.00000000015668888409
18600 0.00000000018596324480
18700 0.00000000018582113626
18800 0.00000000020304469217
18900 0.00000000022427570912
19000 0.00000000030067326406
19100 0.00000000035049652070
19200 0.00000000028623503567
19300 0.00000000034808067539
19400 0.00000000031505464904
19500 0.00000000022586732484
19600 0.00000000023288748707
19700 0.00000000024107293939
19800 0.00000000015876366888
19900 0.00000000021668711270
20000 0.00000000016353851606
20100 0.00000000014051693142
20200 0.00000000022933477339
20300 0.00000000018741275198
20400 0.00000000020187940208
20500 0.00000000024115820452
20600 0.00000000018877699404
20700 0.00000000023490542844
20800 0.00000000034074787436
20900 0.00000000034771119317
21000 0.00000000034290792428
21100 0.00000000031397462408
21200 0.00000000022188828552
21300 0.00000000021020696295
21400 0.00000000031545255297
21500 0.00000000027586111173
21600 0.00000000019423396225
21700 0.00000000006687628229
21800 0.00000000011758061191
21900 0.00000000004826006261
22000 0.00000000013696421775
22100 0.00000000000503064257
22200 0.00000000002216893336
22300 0.00000000001148237061
22400 0.00000000011237943909
22500 0.00000000017118395590
22600 0.00000000013648104868
22700 0.00000000027492319532
22800 0.00000000030519231586
22900 0.00000000022930635168
23000 0.00000000038983216655
23100 0.00000000017877255232
23200 0.00000000018994228412
23300 0.00000000010967937669
23400 0.00000000000682121026
23500 0.00000000006897948879
23600 0.00000000008569145393
23700 0.00000000000216004992
23800 0.00000000007170797289
23900 0.00000000010822986951
24000 0.00000000013093881535
24100 0.00000000011453948900
24200 0.00000000029206148611
24300 0.00000000027998225960
24400 0.00000000023078428057
24500 0.00000000021663026928
24600 0.00000000021597656996
24700 0.00000000020548895918
24800 0.00000000018516743694
24900 0.00000000037130121200
25000 0.00000000023834445528
25100 0.00000000014165379980
25200 0.00000000005769607014
25300 0.00000000004399680620
25400 0.00000000008907363735
25500 0.00000000019142021301
25600 0.00000000022140511646
25700 0.00000000014657075553
25800 0.00000000024010660127
25900 0.00000000013767476048
26000 0.00000000009080736163
26100 0.00000000004564526535
26200 0.00000000001378452907
26300 0.00000000004467892722
26400 0.00000000012104806046
26500 0.00000000021114487936
26600 0.00000000019861090550
26700 0.00000000021745449885
26800 0.00000000013926637621
26900 0.00000000020028778636
27000 0.00000000016041212803
27100 0.00000000007250378076
27200 0.00000000011189627003
27300 0.00000000015279510990
27400 0.00000000018604850993
27500 0.00000000007466383067
27600 0.00000000013150724953
27700 0.00000000014927081793
27800 0.00000000017240608940
27900 0.00000000014480860955
28000 0.00000000016851231521
28100 0.00000000008699885257
28200 0.00000000011851852832
28300 0.00000000011394263311
28400 0.00000000008398615137
28500 0.00000000018687273950
28600 0.00000000012116174730
28700 0.00000000010854250831
28800 0.00000000007142375580
28900 0.00000000016987655727
29000 0.00000000023126744964
29100 0.00000000019068124857
29200 0.00000000015711520973
29300 0.00000000009279688129
29400 0.00000000013531575860
29500 0.00000000015256773622
29600 0.00000000008137135410
29700 0.00000000016305534700
29800 0.00000000012036593944
29900 0.00000000007423750503
30000 0.00000000016265744307
30100 0.00000000039895553527
30200 0.00000000033477931538
30300 0.00000000028279600883
30400 0.00000000037903191696
30500 0.00000000019926460482
30600 0.00000000006741629477
30700 0.00000000002387423592
30800 0.00000000013184831005
30900 0.00000000026500401873
31000 0.00000000008057554624
31100 0.00000000014409806681
31200 0.00000000014884449229
31300 0.00000000031081981433
31400 0.00000000027671376301
31500 0.00000000042601300265
31600 0.00000000025613644539
31700 0.00000000031215563467
31800 0.00000000001205080480
31900 0.00000000001512034942
32000 0.00000000004246203389
32100 0.00000000000289901436
32200 0.00000000028762769944
32300 0.00000000037135805542
32400 0.00000000024385826691
32500 0.00000000033702463043
32600 0.00000000021910295800
32700 0.00000000024931523512
32800 0.00000000010857093002
32900 0.00000000001423927642
33000 0.00000000001682565198
33100 0.00000000008211031854
33200 0.00000000007162270776
33300 0.00000000018653167899
33400 0.00000000007202061170
33500 0.00000000005522338142
33600 0.00000000023143797989
33700 0.00000000010015810403
33800 0.00000000011689849089
33900 0.00000000020438051251
34000 0.00000000041026737563
34100 0.00000000036965275285
34200 0.00000000045466208576
34300 0.00000000039821657083
34400 0.00000000050565063248
34500 0.00000000065054450715
34600 0.00000000071898398346
34700 0.00000000071850081440
34800 0.00000000048464698921
34900 0.00000000037994141167
35000 0.00000000023857182896
35100 0.00000000030578917176
35200 0.00000000026108182283
35300 0.00000000036249048208
35400 0.00000000047845105655
35500 0.00000000046898662731
35600 0.00000000034447111830
35700 0.00000000041123371375
35800 0.00000000032466118682
35900 0.00000000044713033276
36000 0.00000000049863047025
