100 6.352566
200 7.363762
300 9.597123
400 11.627250
500 12.842749
600 12.997256
700 13.491339
800 12.386098
900 11.165451
1000 10.300233
1100 9.649444
1200 9.770954
1300 9.551778
1400 9.396999
1500 9.738746
1600 10.097013
1700 10.989525
1800 12.068866
1900 12.973464
2000 13.758070
2100 15.103775
2200 16.398152
2300 17.593023
2400 18.348317
2500 19.162719
2600 19.999630
2700 20.913427
2800 21.751741
2900 22.296425
3000 22.400429
3100 22.414495
3200 22.600234
3300 22.746801
3400 22.952710
3500 22.950802
3600 23.038720
3700 23.065844
3800 23.253364
3900 23.489269
4000 23.679666
4100 23.991419
4200 24.307120
4300 24.691556
4400 25.103082
4500 25.399376
4600 25.574365
4700 26.113369
4800 26.758173
4900 27.096071
5000 27.484601
5100 27.939724
5200 28.404406
5300 28.924300
5400 29.403352
5500 29.934895
5600 30.270907
5700 30.549805
5800 30.739251
5900 30.822174
6000 30.869859
6100 31.012888
6200 30.991813
6300 30.862472
6400 30.803742
6500 30.677313
6600 30.583229
6700 30.498945
6800 30.492268
6900 30.432258
7000 30.383084
7100 30.380261
7200 30.287532
7300 30.140509
7400 29.923748
7500 29.768057
7600 29.617105
7700 29.483405
7800 29.393715
7900 29.367448
8000 29.453514
8100 29.525023
8200 29.640696
8300 29.871631
8400 30.175707
8500 30.576873
8600 30.918623
8700 31.246921
8800 31.520575
8900 31.829280
9000 32.175293
9100 32.575367
9200 32.918072
9300 33.255251
9400 33.498754
9500 33.708809
9600 33.890534
9700 33.996199
9800 34.145427
9900 34.285532
10000 34.482107
10100 34.710548
10200 34.868943
10300 35.018952
10400 35.224551
10500 35.363818
10600 35.573991
10700 35.881695
10800 36.183337
10900 36.547801
11000 36.891800
11100 37.291368
11200 37.740548
11300 38.172593
11400 38.594374
11500 39.051232
11600 39.472223
11700 39.885475
11800 40.301298
11900 40.663505
12000 40.978429
12100 41.254125
12200 41.622205
12300 41.967752
12400 42.311567
12500 42.607217
12600 42.920036
12700 43.267651
12800 43.576697
12900 43.914706
13000 44.302235
13100 44.631653
13200 44.903280
13300 45.033503
13400 45.208599
13500 45.357478
13600 45.590790
13700 45.742838
13800 45.803843
13900 45.824016
14000 45.807609
14100 45.748760
14200 45.689886
14300 45.579405
14400 45.382736
14500 45.166107
14600 44.927438
14700 44.651178
14800 44.422035
14900 44.194527
15000 43.930698
15100 43.668736
15200 43.402995
15300 43.138356
15400 42.925245
15500 42.773560
15600 42.564552
15700 42.364816
15800 42.143776
15900 41.912917
16000 41.683274
16100 41.491133
16200 41.269496
16300 41.068350
16400 40.853641
16500 40.620007
16600 40.376374
16700 40.141276
16800 39.925392
16900 39.746836
17000 39.556245
17100 39.339161
17200 39.128173
17300 38.926285
17400 38.731734
17500 38.521093
17600 38.348062
17700 38.194953
17800 38.064011
17900 37.953849
18000 37.875361
18100 37.799599
18200 37.708316
18300 37.593189
18400 37.442874
18500 37.270975
18600 37.094119
18700 36.906677
18800 36.737216
18900 36.564164
19000 36.393997
19100 36.232683
19200 36.072051
19300 35.929137
19400 35.781889
19500 35.658372
19600 35.578985
19700 35.540921
19800 35.483853
19900 35.448734
20000 35.369562
20100 35.286071
20200 35.232318
20300 35.210786
20400 35.188922
20500 35.171758
20600 35.149975
20700 35.124038
20800 35.068446
20900 35.007493
21000 34.964128
21100 34.948640
21200 34.903873
21300 34.861960
21400 34.856988
21500 34.851566
21600 34.822616
21700 34.821576
21800 34.824107
21900 34.832050
22000 34.818889
22100 34.850698
22200 34.832745
22300 34.827286
22400 34.825573
22500 34.850714
22600 34.882945
22700 34.920299
22800 34.957365
22900 34.984671
23000 34.996228
23100 34.962527
23200 34.926223
23300 34.856251
23400 34.771557
23500 34.710712
23600 34.646991
23700 34.551457
23800 34.449538
23900 34.361297
24000 34.251987
24100 34.123517
24200 34.000010
24300 33.875638
24400 33.742044
24500 33.614569
24600 33.493857
24700 33.390901
24800 33.373083
24900 33.351999
25000 33.329514
25100 33.315793
25200 33.274723
25300 33.222380
25400 33.151956
25500 33.056326
25600 32.961429
25700 32.869305
25800 32.791842
25900 32.711924
26000 32.643786
26100 32.568183
26200 32.467584
26300 32.358238
26400 32.260029
26500 32.194637
26600 32.091672
26700 31.983188
26800 31.881706
26900 31.782577
27000 31.691266
27100 31.585074
27200 31.483357
27300 31.379002
27400 31.283033
27500 31.177036
27600 31.073339
27700 30.980447
27800 30.877965
27900 30.779198
28000 30.689243
28100 30.606734
28200 30.541084
28300 30.469747
28400 30.372625
28500 30.284222
28600 30.187593
28700 30.108612
28800 30.030979
28900 29.967499
29000 29.907371
29100 29.826969
29200 29.738345
29300 29.642481
29400 29.561023
29500 29.475358
29600 29.382952
29700 29.302805
29800 29.221834
29900 29.151844
30000 29.095026
30100 29.033603
30200 28.954355
30300 28.882968
30400 28.801535
30500 28.715570
30600 28.639161
30700 28.562211
30800 28.487747
30900 28.427221
31000 28.383555
31100 28.341864
31200 28.301543
31300 28.270974
31400 28.262974
31500 28.283290
31600 28.323341
31700 28.323972
31800 28.317424
31900 28.301232
32000 28.271395
32100 28.214560
32200 28.184112
32300 28.150720
32400 28.104522
32500 28.055048
32600 28.018378
32700 27.968474
32800 27.895494
32900 27.820576
33000 27.748208
33100 27.678304
33200 27.604086
33300 27.543265
33400 27.491449
33500 27.427810
33600 27.369557
33700 27.315366
33800 27.261424
33900 27.204579
34000 27.147520
34100 27.101042
34200 27.046278
34300 26.984357
34400 26.939989
34500 26.896493
34600 26.859200
34700 26.827723
34800 26.760878
34900 26.691730
35000 26.639383
35100 26.595353
35200 26.566789
35300 26.536111
35400 26.503971
35500 26.456790
35600 26.400210
35700 26.336405
35800 26.274264
35900 26.206402
36000 26.140403
