100 0.996116
200 0.998053
300 0.998702
400 0.999026
500 0.999221
600 0.999351
700 0.999444
800 0.991793
900 0.979984
1000 0.976540
1100 0.975803
1200 0.977818
1300 0.979531
1400 0.980991
1500 0.982260
1600 0.983365
1700 0.984343
1800 0.985212
1900 0.985995
2000 0.986692
2100 0.987325
2200 0.987901
2300 0.988427
2400 0.988910
2500 0.989356
2600 0.989762
2700 0.990145
2800 0.990494
2900 0.990823
3000 0.991128
3100 0.991414
3200 0.991682
3300 0.991934
3400 0.992171
3500 0.992395
3600 0.992606
3700 0.992806
3800 0.992996
3900 0.993175
4000 0.993345
4100 0.993508
4200 0.993662
4300 0.993810
4400 0.993950
4500 0.994085
4600 0.994213
4700 0.994337
4800 0.994455
4900 0.994568
5000 0.994676
5100 0.994781
5200 0.994882
5300 0.994978
5400 0.995071
5500 0.995161
5600 0.995247
5700 0.995330
5800 0.995411
5900 0.995489
6000 0.995564
6100 0.995636
6200 0.995707
6300 0.995775
6400 0.995841
6500 0.995905
6600 0.995967
6700 0.996027
6800 0.996086
6900 0.996142
7000 0.996197
7100 0.996251
7200 0.996303
7300 0.996354
7400 0.996403
7500 0.996451
7600 0.996498
7700 0.996543
7800 0.996587
7900 0.996631
8000 0.996673
8100 0.996714
8200 0.996754
8300 0.996793
8400 0.996831
8500 0.996869
8600 0.996905
8700 0.996940
8800 0.996975
8900 0.997009
9000 0.997043
9100 0.997075
9200 0.997107
9300 0.997138
9400 0.997168
9500 0.997198
9600 0.997227
9700 0.997256
9800 0.997284
9900 0.997311
10000 0.997338
10100 0.997365
10200 0.997390
10300 0.997416
10400 0.997441
10500 0.997465
10600 0.997489
10700 0.997512
10800 0.997535
10900 0.997558
11000 0.997580
11100 0.997602
11200 0.997623
11300 0.997644
11400 0.997665
11500 0.997685
11600 0.997705
11700 0.997725
11800 0.997744
11900 0.997763
12000 0.997782
12100 0.997800
12200 0.997818
12300 0.997836
12400 0.997853
12500 0.997871
12600 0.997887
12700 0.997904
12800 0.997920
12900 0.997937
13000 0.997952
13100 0.997968
13200 0.997983
13300 0.997999
13400 0.998014
13500 0.998028
13600 0.998043
13700 0.998057
13800 0.998071
13900 0.998085
14000 0.998099
14100 0.998112
14200 0.998125
14300 0.998139
14400 0.998152
14500 0.998164
14600 0.998009
14700 0.997470
14800 0.997488
14900 0.997504
15000 0.997388
15100 0.997212
15200 0.996475
15300 0.996498
15400 0.996521
15500 0.996543
15600 0.996565
15700 0.996587
15800 0.996609
15900 0.996630
16000 0.996651
16100 0.996672
16200 0.996651
16300 0.996622
16400 0.996625
16500 0.996555
16600 0.996469
16700 0.996351
16800 0.996171
16900 0.996194
17000 0.996216
17100 0.995856
17200 0.995812
17300 0.995314
17400 0.995182
17500 0.994700
17600 0.994730
17700 0.994760
17800 0.994790
17900 0.994819
18000 0.994848
18100 0.994876
18200 0.994904
18300 0.994932
18400 0.994960
18500 0.994960
18600 0.994987
18700 0.994854
18800 0.994881
18900 0.994908
19000 0.994857
19100 0.994883
19200 0.994910
19300 0.994936
19400 0.994963
19500 0.994988
19600 0.995014
19700 0.995039
19800 0.995064
19900 0.995089
20000 0.995114
20100 0.995138
20200 0.995162
20300 0.995186
20400 0.995209
20500 0.995233
20600 0.995256
20700 0.995279
20800 0.995302
20900 0.995324
21000 0.995346
21100 0.995368
21200 0.995390
21300 0.995412
21400 0.995433
21500 0.995455
21600 0.995476
21700 0.995496
21800 0.995517
21900 0.995538
22000 0.995558
22100 0.995578
22200 0.995598
22300 0.995618
22400 0.995637
22500 0.995657
22600 0.995676
22700 0.995695
22800 0.995714
22900 0.995732
23000 0.995751
23100 0.995769
23200 0.995788
23300 0.995806
23400 0.995824
23500 0.995841
23600 0.995859
23700 0.995877
23800 0.995894
23900 0.995911
24000 0.995766
24100 0.995733
24200 0.995750
24300 0.995536
24400 0.995452
24500 0.995295
24600 0.995184
24700 0.995204
24800 0.995223
24900 0.995243
25000 0.995262
25100 0.995280
25200 0.995299
25300 0.995318
25400 0.995336
25500 0.995354
25600 0.995373
25700 0.995391
25800 0.995408
25900 0.995426
26000 0.995444
26100 0.995461
26200 0.995479
26300 0.995496
26400 0.995513
26500 0.995530
26600 0.995510
26700 0.995338
26800 0.995356
26900 0.995373
27000 0.995351
27100 0.995238
27200 0.995230
27300 0.995248
27400 0.994982
27500 0.994917
27600 0.994733
27700 0.994658
27800 0.994507
27900 0.994508
28000 0.994528
28100 0.994547
28200 0.994566
28300 0.994585
28400 0.994501
28500 0.994402
28600 0.994413
28700 0.994432
28800 0.994452
28900 0.994471
29000 0.994490
29100 0.994495
29200 0.994113
29300 0.994030
29400 0.993873
29500 0.993849
29600 0.993784
29700 0.993805
29800 0.993737
29900 0.993758
30000 0.993779
30100 0.993800
30200 0.993741
30300 0.993749
30400 0.993376
30500 0.993121
30600 0.993143
30700 0.993134
30800 0.993156
30900 0.993178
31000 0.993200
31100 0.993222
31200 0.993244
31300 0.993266
31400 0.993287
31500 0.993308
31600 0.993329
31700 0.993351
31800 0.993371
31900 0.993392
32000 0.993413
32100 0.993433
32200 0.993454
32300 0.993474
32400 0.993494
32500 0.993514
32600 0.993534
32700 0.993503
32800 0.993193
32900 0.993128
33000 0.993004
33100 0.992859
33200 0.992803
33300 0.992825
33400 0.992846
33500 0.992868
33600 0.992889
33700 0.992910
33800 0.992931
33900 0.992952
34000 0.992973
34100 0.992993
34200 0.993014
34300 0.993034
34400 0.993054
34500 0.993074
34600 0.993094
34700 0.993114
34800 0.993134
34900 0.993136
35000 0.993156
35100 0.993175
35200 0.993195
35300 0.993214
35400 0.993233
35500 0.993252
35600 0.993271
35700 0.993204
35800 0.992976
35900 0.992893
36000 0.992829
