100 0.768978
200 0.773853
300 0.765206
400 0.745190
500 0.750757
600 0.770811
700 0.768885
800 0.769394
900 0.759389
1000 0.764125
1100 0.760319
1200 0.755982
1300 0.768750
1400 0.789717
1500 0.796060
1600 0.790871
1700 0.788019
1800 0.794556
1900 0.794694
2000 0.791668
2100 0.794497
2200 0.800078
2300 0.801649
2400 0.807911
2500 0.817436
2600 0.825210
2700 0.830279
2800 0.831152
2900 0.839057
3000 0.845800
3100 0.847052
3200 0.844990
3300 0.846430
3400 0.851066
3500 0.852276
3600 0.850105
3700 0.852628
3800 0.850045
3900 0.848559
4000 0.848188
4100 0.845805
4200 0.846009
4300 0.845299
4400 0.846145
4500 0.845811
4600 0.844993
4700 0.843842
4800 0.841142
4900 0.840631
5000 0.841446
5100 0.842537
5200 0.842625
5300 0.843524
5400 0.842614
5500 0.840446
5600 0.838912
5700 0.841516
5800 0.840065
5900 0.841903
6000 0.844647
6100 0.844129
6200 0.841272
6300 0.840799
6400 0.837877
6500 0.838291
6600 0.840830
6700 0.841473
6800 0.841682
6900 0.841765
7000 0.842851
7100 0.841706
7200 0.841600
7300 0.840098
7400 0.839638
7500 0.840348
7600 0.840242
7700 0.840153
7800 0.841619
7900 0.841713
8000 0.842250
8100 0.842365
8200 0.841556
8300 0.840028
8400 0.839565
8500 0.838834
8600 0.839801
8700 0.838925
8800 0.838081
8900 0.838870
9000 0.839637
9100 0.840270
9200 0.840032
9300 0.841271
9400 0.842080
9500 0.843883
9600 0.845369
9700 0.846312
9800 0.844947
9900 0.845928
10000 0.846292
10100 0.847223
10200 0.847347
10300 0.847452
10400 0.849145
10500 0.849201
10600 0.850968
10700 0.851314
10800 0.850632
10900 0.849782
11000 0.849699
11100 0.848533
11200 0.847083
11300 0.846456
11400 0.845783
11500 0.845039
11600 0.844235
11700 0.843062
11800 0.843470
11900 0.843940
12000 0.843866
12100 0.844379
12200 0.843882
12300 0.843840
12400 0.843686
12500 0.842732
12600 0.842176
12700 0.841572
12800 0.841399
12900 0.841775
13000 0.841158
13100 0.841482
13200 0.842152
13300 0.843058
13400 0.844107
13500 0.843654
13600 0.844116
13700 0.843280
13800 0.842533
13900 0.841606
14000 0.842504
14100 0.843044
14200 0.842928
14300 0.842685
14400 0.843635
14500 0.843864
14600 0.844007
14700 0.844869
14800 0.846235
14900 0.847193
15000 0.846971
15100 0.846541
15200 0.846262
15300 0.846904
15400 0.847284
15500 0.846478
15600 0.845937
15700 0.845371
15800 0.845675
15900 0.846425
16000 0.846845
16100 0.847147
16200 0.847072
16300 0.847843
16400 0.847927
16500 0.848781
16600 0.850121
16700 0.850125
16800 0.849487
16900 0.849236
17000 0.848546
17100 0.848211
17200 0.847197
17300 0.848260
17400 0.848132
17500 0.848622
17600 0.848841
17700 0.849427
17800 0.849330
17900 0.849271
18000 0.848931
18100 0.848564
18200 0.848027
18300 0.847950
18400 0.848345
18500 0.848322
18600 0.849050
18700 0.849161
18800 0.848710
18900 0.848513
19000 0.848885
19100 0.848738
19200 0.849817
19300 0.849836
19400 0.849658
19500 0.849870
19600 0.849332
19700 0.849274
19800 0.849966
19900 0.850681
20000 0.850966
20100 0.851435
20200 0.851670
20300 0.851152
20400 0.850765
20500 0.850532
20600 0.849952
20700 0.849662
20800 0.849061
20900 0.848414
21000 0.847568
21100 0.847364
21200 0.847857
21300 0.847645
21400 0.847492
21500 0.847827
21600 0.847863
21700 0.848093
21800 0.847825
21900 0.847843
22000 0.847532
22100 0.847198
22200 0.847437
22300 0.846947
22400 0.846702
22500 0.846136
22600 0.846706
22700 0.846772
22800 0.846591
22900 0.846082
23000 0.845687
23100 0.846080
23200 0.845816
23300 0.845131
23400 0.844569
23500 0.844429
23600 0.844536
23700 0.844702
23800 0.844888
23900 0.845362
24000 0.845383
24100 0.844856
24200 0.844938
24300 0.844835
24400 0.845170
24500 0.845016
24600 0.845331
24700 0.845158
24800 0.845054
24900 0.844373
25000 0.844513
25100 0.844767
25200 0.845315
25300 0.845803
25400 0.845911
25500 0.845840
25600 0.845943
25700 0.845935
25800 0.845638
25900 0.845739
26000 0.845824
26100 0.845411
26200 0.844851
26300 0.844712
26400 0.844913
26500 0.844403
26600 0.844962
26700 0.846226
26800 0.846283
26900 0.846043
27000 0.845760
27100 0.844991
27200 0.844607
27300 0.844316
27400 0.844450
27500 0.844146
27600 0.844186
27700 0.844192
27800 0.844173
27900 0.844088
28000 0.844070
28100 0.844268
28200 0.844201
28300 0.843930
28400 0.844628
28500 0.844887
28600 0.844882
28700 0.844664
28800 0.844567
28900 0.844250
29000 0.844081
29100 0.843749
29200 0.843161
29300 0.843415
29400 0.843711
29500 0.844204
29600 0.844759
29700 0.844891
29800 0.844802
29900 0.844257
30000 0.843739
30100 0.843766
30200 0.843796
30300 0.843691
30400 0.843566
30500 0.843804
30600 0.844131
30700 0.843975
30800 0.844338
30900 0.843907
31000 0.843520
31100 0.843613
31200 0.843905
31300 0.843736
31400 0.843443
31500 0.843290
31600 0.843343
31700 0.843513
31800 0.843280
31900 0.843349
32000 0.843331
32100 0.843282
32200 0.843213
32300 0.842888
32400 0.842465
32500 0.842235
32600 0.842134
32700 0.842176
32800 0.842230
32900 0.841779
33000 0.841550
33100 0.841078
33200 0.840934
33300 0.840666
33400 0.840597
33500 0.840858
33600 0.841214
33700 0.841028
33800 0.840853
33900 0.841127
34000 0.841282
34100 0.840855
34200 0.840781
34300 0.841120
34400 0.841568
34500 0.841452
34600 0.841318
34700 0.841315
34800 0.841502
34900 0.841853
35000 0.842400
35100 0.842731
35200 0.842720
35300 0.842945
35400 0.842651
35500 0.842360
35600 0.842406
35700 0.842442
35800 0.842107
35900 0.842226
36000 0.842140
