100 0.126633
200 0.146749
300 0.132088
400 0.117861
500 0.123977
600 0.145931
700 0.143561
800 0.145427
900 0.133360
1000 0.137935
1100 0.132748
1200 0.128907
1300 0.140624
1400 0.160047
1500 0.165899
1600 0.162792
1700 0.161187
1800 0.167860
1900 0.167045
2000 0.163572
2100 0.167406
2200 0.173213
2300 0.174481
2400 0.180998
2500 0.189671
2600 0.198932
2700 0.203636
2800 0.205182
2900 0.213134
3000 0.219022
3100 0.219544
3200 0.217722
3300 0.219495
3400 0.223942
3500 0.224390
3600 0.222115
3700 0.225253
3800 0.223158
3900 0.221604
4000 0.220769
4100 0.218374
4200 0.217645
4300 0.216982
4400 0.217222
4500 0.217204
4600 0.216232
4700 0.215003
4800 0.212229
4900 0.211867
5000 0.212369
5100 0.213149
5200 0.213581
5300 0.214205
5400 0.213152
5500 0.211309
5600 0.210239
5700 0.212316
5800 0.211241
5900 0.213234
6000 0.216209
6100 0.215501
6200 0.212734
6300 0.211904
6400 0.209047
6500 0.209265
6600 0.212092
6700 0.212978
6800 0.213451
6900 0.213055
7000 0.213870
7100 0.213004
7200 0.212697
7300 0.211234
7400 0.210952
7500 0.211750
7600 0.211917
7700 0.212050
7800 0.213603
7900 0.213793
8000 0.214112
8100 0.214449
8200 0.213447
8300 0.212024
8400 0.211163
8500 0.210318
8600 0.211237
8700 0.210173
8800 0.209245
8900 0.209757
9000 0.210467
9100 0.211272
9200 0.210962
9300 0.212360
9400 0.213356
9500 0.215230
9600 0.216623
9700 0.217746
9800 0.216519
9900 0.217480
10000 0.217858
10100 0.219102
10200 0.219533
10300 0.219922
10400 0.221607
10500 0.221566
10600 0.223470
10700 0.223623
10800 0.222977
10900 0.222113
11000 0.222166
11100 0.221099
11200 0.219681
11300 0.219153
11400 0.218677
11500 0.218066
11600 0.217181
11700 0.216144
11800 0.216468
11900 0.216745
12000 0.216742
12100 0.217145
12200 0.216706
12300 0.216515
12400 0.216444
12500 0.215927
12600 0.215373
12700 0.214870
12800 0.214844
12900 0.215200
13000 0.214646
13100 0.214560
13200 0.215141
13300 0.216241
13400 0.217359
13500 0.216991
13600 0.217510
13700 0.216761
13800 0.216211
13900 0.215375
14000 0.216329
14100 0.216661
14200 0.216683
14300 0.216547
14400 0.217385
14500 0.217612
14600 0.217690
14700 0.218421
14800 0.219817
14900 0.220925
15000 0.220770
15100 0.220266
15200 0.219885
15300 0.220292
15400 0.220439
15500 0.219733
15600 0.219293
15700 0.218797
15800 0.219146
15900 0.219813
16000 0.220307
16100 0.220712
16200 0.220590
16300 0.221294
16400 0.221364
16500 0.222329
16600 0.223598
16700 0.223716
16800 0.222983
16900 0.222571
17000 0.221881
17100 0.221460
17200 0.220540
17300 0.221738
17400 0.221728
17500 0.222065
17600 0.222285
17700 0.222902
17800 0.222901
17900 0.222797
18000 0.222471
18100 0.222131
18200 0.221650
18300 0.221475
18400 0.221753
18500 0.221726
18600 0.222439
18700 0.222493
18800 0.222244
18900 0.222295
19000 0.222626
19100 0.222533
19200 0.223595
19300 0.223580
19400 0.223367
19500 0.223452
19600 0.222894
19700 0.222846
19800 0.223584
19900 0.224407
20000 0.224767
20100 0.225357
20200 0.225647
20300 0.225085
20400 0.224653
20500 0.224338
20600 0.223685
20700 0.223287
20800 0.222702
20900 0.222123
21000 0.221369
21100 0.221241
21200 0.221760
21300 0.221615
21400 0.221458
21500 0.221907
21600 0.221898
21700 0.222199
21800 0.221911
21900 0.221794
22000 0.221463
22100 0.221030
22200 0.221296
22300 0.220800
22400 0.220651
22500 0.220061
22600 0.220564
22700 0.220551
22800 0.220405
22900 0.219882
23000 0.219554
23100 0.219949
23200 0.219534
23300 0.218916
23400 0.218387
23500 0.218177
23600 0.218168
23700 0.218412
23800 0.218605
23900 0.219119
24000 0.219174
24100 0.218563
24200 0.218649
24300 0.218562
24400 0.218808
24500 0.218573
24600 0.218849
24700 0.218659
24800 0.218583
24900 0.218010
25000 0.218101
25100 0.218290
25200 0.218846
25300 0.219350
25400 0.219476
25500 0.219454
25600 0.219607
25700 0.219613
25800 0.219275
25900 0.219382
26000 0.219358
26100 0.219017
26200 0.218549
26300 0.218427
26400 0.218593
26500 0.218077
26600 0.218541
26700 0.219643
26800 0.219724
26900 0.219497
27000 0.219252
27100 0.218558
27200 0.218160
27300 0.217805
27400 0.217965
27500 0.217726
27600 0.217666
27700 0.217666
27800 0.217629
27900 0.217632
28000 0.217578
28100 0.217891
28200 0.217804
28300 0.217565
28400 0.218233
28500 0.218486
28600 0.218498
28700 0.218321
28800 0.218265
28900 0.217989
29000 0.217767
29100 0.217416
29200 0.216827
29300 0.217078
29400 0.217358
29500 0.217795
29600 0.218256
29700 0.218358
29800 0.218299
29900 0.217742
30000 0.217281
30100 0.217248
30200 0.217328
30300 0.217191
30400 0.217052
30500 0.217258
30600 0.217556
30700 0.217411
30800 0.217817
30900 0.217472
31000 0.217046
31100 0.217155
31200 0.217405
31300 0.217272
31400 0.217006
31500 0.216861
31600 0.216797
31700 0.216917
31800 0.216741
31900 0.216805
32000 0.216801
32100 0.216619
32200 0.216547
32300 0.216247
32400 0.215858
32500 0.215604
32600 0.215488
32700 0.215594
32800 0.215636
32900 0.215189
33000 0.214879
33100 0.214431
33200 0.214281
33300 0.213939
33400 0.213882
33500 0.214166
33600 0.214626
33700 0.214497
33800 0.214305
33900 0.214596
34000 0.214754
34100 0.214326
34200 0.214190
34300 0.214502
34400 0.214966
34500 0.214866
34600 0.214701
34700 0.214662
34800 0.214905
34900 0.215236
35000 0.215822
35100 0.216150
35200 0.216174
35300 0.216287
35400 0.215945
35500 0.215702
35600 0.215792
35700 0.215746
35800 0.215413
35900 0.215598
36000 0.215546
