100 0.00000000001435052077
200 0.00000000017109313966
300 0.00000000000181488158
400 0.00000000044697989754
500 0.00000000020949164625
600 0.00000000038280456582
700 0.00000000028906599336
800 0.00000000064082927853
900 0.00000000067108085755
1000 0.00000000081262474527
1100 0.00000000125207144652
1200 0.00000000067321659358
1300 0.00000000013618028927
1400 0.00000000059567073496
1500 0.00000000047290138472
1600 0.00000000143537803865
1700 0.00000000404065114701
1800 0.00000000170818159617
1900 0.00000000168238245557
2000 0.00000000429466129326
2100 0.00000000357361817915
2200 0.00000000155421864267
2300 0.00000000212818651590
2400 0.00000000239478148423
2500 0.00000000062933436240
2600 0.00000000203165140267
2700 0.00000000132210398185
2800 0.00000000020999646466
2900 0.00000000359663188121
3000 0.00000000078124839931
3100 0.00000000028820357212
3200 0.00000000878128192383
3300 0.00000000248316089912
3400 0.00000000254847232206
3500 0.00000000213761486290
3600 0.00000000523392607032
3700 0.00000000357862894873
3800 0.00000000632503682763
3900 0.00000000532174526668
4000 0.00000000236249941832
4100 0.00000000473465244788
4200 0.00000000423762525070
4300 0.00000000164517288681
4400 0.00000000333874117242
4500 0.00000000686959855667
4600 0.00000000496405183625
4700 0.00000000461494464865
4800 0.00000000631549568197
4900 0.00000000724951532138
5000 0.00000000456606097377
5100 0.00000000352993712038
5200 0.00000000185538762132
5300 0.00000000713906633809
5400 0.00000000488553064670
5500 0.00000000826836754619
5600 0.00000001083145684255
5700 0.00000000729095861463
5800 0.00000001080383971175
5900 0.00000000631283758601
6000 0.00000000783101250512
6100 0.00000001322202591858
6200 0.00000001457276410655
6300 0.00000001589260645307
6400 0.00000001660867809949
6500 0.00000001438895258499
6600 0.00000001843851249461
6700 0.00000002755618699890
6800 0.00000002595794257321
6900 0.00000001065486132656
7000 0.00000000276659495313
7100 0.00000000912921949148
7200 0.00000001574750985167
7300 0.00000001498768997799
7400 0.00000001269383897995
7500 0.00000001652858250267
7600 0.00000000504932817780
7700 0.00000001427327045445
7800 0.00000001107027558511
7900 0.00000001586337794457
8000 0.00000001691297246698
8100 0.00000001781259117983
8200 0.00000002714314806251
8300 0.00000001977620345261
8400 0.00000001402233296144
8500 0.00000001472721844475
8600 0.00000002013490629782
8700 0.00000002488550698843
8800 0.00000001035527008586
8900 0.00000002219367234435
9000 0.00000002817270949862
9100 0.00000001570059193767
9200 0.00000002565655221609
9300 0.00000001938389049272
9400 0.00000002600423076871
9500 0.00000000081738582569
9600 0.00000000430779889538
9700 0.00000001918875924822
9800 0.00000002758611206133
9900 0.00000003625556832532
10000 0.00000002321959158280
10100 0.00000001713630326527
10200 0.00000000261221644315
10300 0.00000000519123344311
10400 0.00000001118993298022
10500 0.00000001388242831801
10600 0.00000000550628076468
10700 0.00000000282064116508
10800 0.00000000822232792963
10900 0.00000000984553283345
11000 0.00000000028851432354
11100 0.00000001054915255150
11200 0.00000000865693627894
11300 0.00000001296891438685
11400 0.00000001487684919699
11500 0.00000000419047463396
11600 0.00000001802446225607
11700 0.00000000733293359367
11800 0.00000000589584014943
11900 0.00000000540304379015
12000 0.00000002817154687307
12100 0.00000001241783698092
12200 0.00000000491823348714
12300 0.00000001135279781295
12400 0.00000008255676797742
12500 0.00000008785936100875
12600 0.00000009658887434316
12700 0.00000006824891030099
12800 0.00000007962619608115
12900 0.00000007950549141267
13000 0.00000008078703128689
13100 0.00000009063913997132
13200 0.00000007986021721695
13300 0.00000010312888354402
13400 0.00000012042512909094
13500 0.00000012884336153540
13600 0.00000015699985200790
13700 0.00000017131352092470
13800 0.00000017321254408564
13900 0.00000018858698114244
14000 0.00000017918334282996
14100 0.00000016608441344435
14200 0.00000015273640163738
14300 0.00000017406014274357
14400 0.00000017871072699460
14500 0.00000016266035351986
14600 0.00000016243543499161
14700 0.00000015588461421689
14800 0.00000017029888410569
14900 0.00000017180158429220
15000 0.00000016565203708740
15100 0.00000016009532810557
15200 0.00000015826580102019
15300 0.00000015205746206615
15400 0.00000015079254545025
15500 0.00000017281043207529
15600 0.00000016599761509806
15700 0.00000013866764569936
15800 0.00000013156198630515
15900 0.00000012541096183760
16000 0.00000014469310327669
16100 0.00000017548819497559
16200 0.00000019083077362758
16300 0.00000019524810346283
16400 0.00000020820335455696
16500 0.00000023361318080006
16600 0.00000025426994398892
16700 0.00000024936618314708
16800 0.00000025158147010096
16900 0.00000020953804757973
17000 0.00000018420065595048
17100 0.00000015190323399139
17200 0.00000011022733226174
17300 0.00000008685643260176
17400 0.00000006865858703797
17500 0.00000007180713901267
17600 0.00000006394747698035
17700 0.00000003321668406997
17800 0.00000001591061415951
17900 0.00000005194969976419
18000 0.00000005670286951087
18100 0.00000008114099603329
18200 0.00000007740621443819
18300 0.00000006185787126967
18400 0.00000011664827370694
18500 0.00000014384038127258
18600 0.00000015890915672223
18700 0.00000018082477748482
18800 0.00000017149897058033
18900 0.00000019391555938775
19000 0.00000016267086722088
19100 0.00000018304431792515
19200 0.00000018896180342676
19300 0.00000017342978231305
19400 0.00000017747946334801
19500 0.00000014622979982448
19600 0.00000014815599369555
19700 0.00000013567977941165
19800 0.00000013536601606301
19900 0.00000009551642254912
20000 0.00000008431183751156
20100 0.00000008655038996608
20200 0.00000010180113163560
20300 0.00000011536476818286
20400 0.00000008061396561398
20500 0.00000008564529807575
20600 0.00000007380430988579
20700 0.00000007112212285776
20800 0.00000006339283875612
20900 0.00000006567453247897
21000 0.00000004978112677634
21100 0.00000004581755996824
21200 0.00000006465195134808
21300 0.00000005105642919556
21400 0.00000001924801484865
21500 0.00000000163206337334
21600 0.00000000475893846552
21700 0.00000002431685064419
21800 0.00000001744242750235
21900 0.00000004547586174297
22000 0.00000002229398710085
22100 0.00000003485883082188
22200 0.00000007111713018482
22300 0.00000007531022938601
22400 0.00000009600772044038
22500 0.00000009765425490471
22600 0.00000011217414741527
22700 0.00000013966495115980
22800 0.00000015105375572588
22900 0.00000015348223114664
23000 0.00000012535601257024
23100 0.00000010093000246680
23200 0.00000010504661496213
23300 0.00000012302777485651
23400 0.00000014265424086446
23500 0.00000009744768336706
23600 0.00000011929545662426
23700 0.00000016112880152352
23800 0.00000011821303946835
23900 0.00000015162233524268
24000 0.00000020352894380959
24100 0.00000016954229831168
24200 0.00000016721580575751
24300 0.00000021371638614376
24400 0.00000020148787716057
24500 0.00000014431221284639
24600 0.00000017841299371213
24700 0.00000022188971093851
24800 0.00000028234577009734
24900 0.00000029327130945944
25000 0.00000030816307594606
25100 0.00000027637408783754
25200 0.00000030452785304558
25300 0.00000030279763041374
25400 0.00000028162712395474
25500 0.00000030415298546416
25600 0.00000027533249469247
25700 0.00000024696873879293
25800 0.00000020975139636281
25900 0.00000019623469049712
26000 0.00000015926700702718
26100 0.00000010458385579781
26200 0.00000008164604559102
26300 0.00000010941968320299
26400 0.00000009446306825645
26500 0.00000008127875528174
26600 0.00000008978927135139
26700 0.00000003422858019242
26800 0.00000004990566571106
26900 0.00000007484389163981
27000 0.00000008276662910589
27100 0.00000010003148054327
27200 0.00000006524511064754
27300 0.00000006413400810423
27400 0.00000008255749062158
27500 0.00000007701207827004
27600 0.00000008905425974426
27700 0.00000012342874589066
27800 0.00000013399594578356
27900 0.00000017297183751985
28000 0.00000015301146860658
28100 0.00000011639895225457
28200 0.00000018428435266671
28300 0.00000014917453128316
28400 0.00000005584540274661
28500 0.00000011140739264448
28600 0.00000012420052830642
28700 0.00000009682659285470
28800 0.00000011218987017170
28900 0.00000012542367067159
29000 0.00000011806421373883
29100 0.00000008909492543729
29200 0.00000005345431852710
29300 0.00000008684700125716
29400 0.00000006198004121050
29500 0.00000008700293363528
29600 0.00000008381065730312
29700 0.00000005658660773289
29800 0.00000001887077771823
29900 0.00000001032711949289
30000 0.00000003192794451046
30100 0.00000000839911051820
30200 0.00000002738160398419
30300 0.00000007953484293388
30400 0.00000006691073428655
30500 0.00000009858558758236
30600 0.00000006139759534118
30700 0.00000006049902234739
30800 0.00000005324980101307
30900 0.00000007687232639331
31000 0.00000007919716715765
31100 0.00000008589063493769
31200 0.00000006200842073145
31300 0.00000003115886226812
31400 0.00000003056609398921
31500 0.00000001884465650193
31600 0.00000001591739384743
31700 0.00000002112196917370
31800 0.00000001257868798010
31900 0.00000000133320210427
32000 0.00000001556609496856
32100 0.00000000919146370126
32200 0.00000004993292279654
32300 0.00000003303677953426
32400 0.00000007281688541028
32500 0.00000010743116807266
32600 0.00000012154057460467
32700 0.00000016552940762526
32800 0.00000018612435392917
32900 0.00000018015180780484
33000 0.00000019162886344404
33100 0.00000024813962096193
33200 0.00000028098353621608
33300 0.00000030104881076909
33400 0.00000032887997225561
33500 0.00000031879493345155
33600 0.00000037634943472753
33700 0.00000038798998525102
33800 0.00000041367294512096
33900 0.00000045063416487245
34000 0.00000041156390162556
34100 0.00000040839858350683
34200 0.00000045037490092881
34300 0.00000042036818215241
34400 0.00000034829295114669
34500 0.00000035477812621032
34600 0.00000044534878895774
34700 0.00000045456726427417
34800 0.00000053306890435145
34900 0.00000046608042392204
35000 0.00000040403114431875
35100 0.00000042488261686735
35200 0.00000046572346512619
35300 0.00000041774799852679
35400 0.00000039025764209111
35500 0.00000039091819592496
35600 0.00000039686759134572
35700 0.00000035378228291361
35800 0.00000033801251420051
35900 0.00000026718198442577
36000 0.00000031332318639610
