100 0.00000000000016178725
200 0.00000000000019984014
300 0.00000000000195546357
400 0.00000000000308895964
500 0.00000000000087885255
600 0.00000000000354472007
700 0.00000000000490832375
800 0.00000000000446559456
900 0.00000000000366118247
1000 0.00000000000023103741
1100 0.00000000000213418172
1200 0.00000000000124714128
1300 0.00000000000593550209
1400 0.00000000000005540013
1500 0.00000000000182606708
1600 0.00000000000230260255
1700 0.00000000001261790672
1800 0.00000000001625241608
1900 0.00000000000911756781
2000 0.00000000000309477444
2100 0.00000000000675420830
2200 0.00000000000088976049
2300 0.00000000000086433638
2400 0.00000000002966610291
2500 0.00000000002947755928
2600 0.00000000004163813738
2700 0.00000000003333627818
2800 0.00000000002326011606
2900 0.00000000003468647591
3000 0.00000000001444008801
3100 0.00000000003019443029
3200 0.00000000000205624406
3300 0.00000000001199493282
3400 0.00000000002213984551
3500 0.00000000002690722645
3600 0.00000000000400940392
3700 0.00000000000131314404
3800 0.00000000001405472960
3900 0.00000000000556374391
4000 0.00000000000490393837
4100 0.00000000004322067704
4200 0.00000000001127595239
4300 0.00000000005206596265
4400 0.00000000003888600553
4500 0.00000000007304773453
4600 0.00000000001720462661
4700 0.00000000007193112772
4800 0.00000000001022229523
4900 0.00000000007486750109
5000 0.00000000003482580890
5100 0.00000000003660036163
5200 0.00000000008632394799
5300 0.00000000003645128643
5400 0.00000000004199604553
5500 0.00000000002624483963
5600 0.00000000000297156744
5700 0.00000000005570738315
5800 0.00000000003157063500
5900 0.00000000008143652419
6000 0.00000000004083014482
6100 0.00000000000916350329
6200 0.00000000006564909727
6300 0.00000000002225936102
6400 0.00000000001433225760
6500 0.00000000009582845628
6600 0.00000000011308257108
6700 0.00000000007038075678
6800 0.00000000009740877549
6900 0.00000000001518904447
7000 0.00000000006392308904
7100 0.00000000003846228891
7200 0.00000000005222525190
7300 0.00000000001865924082
7400 0.00000000005675196424
7500 0.00000000004324698932
7600 0.00000000002542974165
7700 0.00000000008285405695
7800 0.00000000007960623827
7900 0.00000000003471153920
8000 0.00000000002587141612
8100 0.00000000003900813006
8200 0.00000000004418582167
8300 0.00000000000646346865
8400 0.00000000003622205313
8500 0.00000000002220545969
8600 0.00000000003975964002
8700 0.00000000003620556632
8800 0.00000000000720168369
8900 0.00000000010540013307
9000 0.00000000004742314874
9100 0.00000000002520930686
9200 0.00000000006563499744
9300 0.00000000006311554057
9400 0.00000000001047401055
9500 0.00000000000969951897
9600 0.00000000007094996812
9700 0.00000000002022668144
9800 0.00000000000526903521
9900 0.00000000003079503319
10000 0.00000000006451764123
10100 0.00000000002940345190
10200 0.00000000001402733485
10300 0.00000000004657557673
10400 0.00000000006710348943
10500 0.00000000001995525967
10600 0.00000000000247404874
10700 0.00000000007986070139
10800 0.00000000038288794357
10900 0.00000000025694035788
11000 0.00000000037021552490
11100 0.00000000018566401194
11200 0.00000000015773535256
11300 0.00000000031153776781
11400 0.00000000026118049390
11500 0.00000000033671923583
11600 0.00000000022107443653
11700 0.00000000017170520561
11800 0.00000000005236430733
11900 0.00000000029532584711
12000 0.00000000011447348625
12100 0.00000000036108446788
12200 0.00000000009419134916
12300 0.00000000028419513964
12400 0.00000000031367480835
12500 0.00000000021700885533
12600 0.00000000010931022754
12700 0.00000000015663653707
12800 0.00000000021790674820
12900 0.00000000021842658238
13000 0.00000000031929861533
13100 0.00000000016430729000
13200 0.00000000033775846009
13300 0.00000000015705012291
13400 0.00000000008613151858
13500 0.00000000008594205902
13600 0.00000000012190856657
13700 0.00000000030416189012
13800 0.00000000016857493179
13900 0.00000000018752138731
14000 0.00000000021548146600
14100 0.00000000015949935817
14200 0.00000000018689841341
14300 0.00000000024082869032
14400 0.00000000016706525052
14500 0.00000000029326746587
14600 0.00000000017301324262
14700 0.00000000018682647096
14800 0.00000000014584541908
14900 0.00000000019607501733
15000 0.00000000023355647971
15100 0.00000000024333576820
15200 0.00000000010473757972
15300 0.00000000010064199474
15400 0.00000000013476247895
15500 0.00000000005950154258
15600 0.00000000033585567660
15700 0.00000000006979331002
15800 0.00000000044313352987
15900 0.00000000035449662650
16000 0.00000000045426618023
16100 0.00000000041773448589
16200 0.00000000052010898366
16300 0.00000000023111682013
16400 0.00000000054130258609
16500 0.00000000013769235752
16600 0.00000000027699476046
16700 0.00000000040715816829
16800 0.00000000030272934159
16900 0.00000000044254003240
17000 0.00000000020399704148
17100 0.00000000014040149598
17200 0.00000000025241964074
17300 0.00000000013588141723
17400 0.00000000033677285960
17500 0.00000000016829285188
17600 0.00000000017619161685
17700 0.00000000014166653961
17800 0.00000000016422851967
17900 0.00000000026544721976
18000 0.00000000030963537290
18100 0.00000000038799966018
18200 0.00000000012538953209
18300 0.00000000024454591130
18400 0.00000000018320797657
18500 0.00000000010585177179
18600 0.00000000017818696518
18700 0.00000000023393267878
18800 0.00000000030488925273
18900 0.00000000003767694490
19000 0.00000000028389249285
19100 0.00000000020091048269
19200 0.00000000022829732549
19300 0.00000000032963023977
19400 0.00000000018637341670
19500 0.00000000027395413715
19600 0.00000000017402285168
19700 0.00000000028729907342
19800 0.00000000027085941823
19900 0.00000000019978679822
20000 0.00000000016247098111
20100 0.00000000019760193481
20200 0.00000000020585788629
20300 0.00000000028890867476
20400 0.00000000004494593586
20500 0.00000000029964408732
20600 0.00000000012834397434
20700 0.00000000030420141406
20800 0.00000000015134879461
20900 0.00000000011432840785
21000 0.00000000014902992729
21100 0.00000000023675891803
21200 0.00000000000659616806
21300 0.00000000040673947543
21400 0.00000000004420480648
21500 0.00000000027019300686
21600 0.00000000012799616922
21700 0.00000000016533921454
21800 0.00000000037926140006
21900 0.00000000001749100864
22000 0.00000000001616318190
22100 0.00000000014313103480
22200 0.00000000024493410078
22300 0.00000000019368806559
22400 0.00000000002906302976
22500 0.00000000034397262816
22600 0.00000000014861090136
22700 0.00000000005903599831
22800 0.00000000046229611805
22900 0.00000000009427958414
23000 0.00000000007217867970
23100 0.00000000030874308665
23200 0.00000000011054315796
23300 0.00000000028593930002
23400 0.00000000010955286678
23500 0.00000000011072479045
23600 0.00000000033823163714
23700 0.00000000026440011291
23800 0.00000000016803575198
23900 0.00000000024253674069
24000 0.00000000029343460994
24100 0.00000000043232104008
24200 0.00000000014511605806
24300 0.00000000029228058862
24400 0.00000000023041030195
24500 0.00000000031847663395
24600 0.00000000026899951711
24700 0.00000000016506612743
24800 0.00000000003717409713
24900 0.00000000004494060679
25000 0.00000000005690617422
25100 0.00000000023295193552
25200 0.00000000038145980819
25300 0.00000000015850770696
25400 0.00000000016743736952
25500 0.00000000026743204873
25600 0.00000000006609970904
25700 0.00000000010831929798
25800 0.00000000000325764415
25900 0.00000000012190012888
26000 0.00000000021030047148
26100 0.00000000030050914535
26200 0.00000000013542167387
26300 0.00000000016350690246
26400 0.00000000022047361159
26500 0.00000000015637760531
26600 0.00000000021638504877
26700 0.00000000011426898316
26800 0.00000000009772510579
26900 0.00000000012814621586
27000 0.00000000020437865289
27100 0.00000000008446951472
27200 0.00000000005028125138
27300 0.00000000004203376536
27400 0.00000000015143070131
27500 0.00000000000591146576
27600 0.00000000013480502825
27700 0.00000000007134026703
27800 0.00000000010442238740
27900 0.00000000004461228609
28000 0.00000000001677366579
28100 0.00000000036726660602
28200 0.00000000020454582472
28300 0.00000000033748356887
28400 0.00000000000787281351
28500 0.00000000032002567263
28600 0.00000000009911924059
28700 0.00000000003554068151
28800 0.00000000017074675007
28900 0.00000000009072359530
29000 0.00000000008881256841
29100 0.00000000001780187109
29200 0.00000000001162356322
29300 0.00000000023996923892
29400 0.00000000018215493003
29500 0.00000000001973965436
29600 0.00000000031500149711
29700 0.00000000033270033950
29800 0.00000000010720846433
29900 0.00000000008595027468
30000 0.00000000011026182745
30100 0.00000000025928698077
30200 0.00000000005964931327
30300 0.00000000014264772696
30400 0.00000000020757462416
30500 0.00000000016004589320
30600 0.00000000019234747128
30700 0.00000000034150413053
30800 0.00000000039380632089
30900 0.00000000017032020239
31000 0.00000000015976470147
31100 0.00000000016792064961
31200 0.00000000025044941121
31300 0.00000000018419832326
31400 0.00000000023482887856
31500 0.00000000004446737423
31600 0.00000000009697612158
31700 0.00000000013031833945
31800 0.00000000003254502223
31900 0.00000000008457481937
32000 0.00000000015809198395
32100 0.00000000016908452416
32200 0.00000000037713013268
32300 0.00000000013510234598
32400 0.00000000031876798423
32500 0.00000000008231168525
32600 0.00000000015494178163
32700 0.00000000026502255945
32800 0.00000000020943607959
32900 0.00000000034646371883
33000 0.00000000004715203228
33100 0.00000000000114031007
33200 0.00000000038272751635
33300 0.00000000023631185897
33400 0.00000000016712148332
33500 0.00000000038050659845
33600 0.00000000019736387524
33700 0.00000000009268633083
33800 0.00000000002903033369
33900 0.00000000032165770047
34000 0.00000000007489497911
34100 0.00000000002037595093
34200 0.00000000010513998006
34300 0.00000000006861194946
34400 0.00000000043046652354
34500 0.00000000051901927201
34600 0.00000000021326226896
34700 0.00000000043448214471
34800 0.00000000000651789733
34900 0.00000000039978667599
35000 0.00000000051215851005
35100 0.00000000038617686826
35200 0.00000000067766423029
35300 0.00000000023596788412
35400 0.00000000050363163639
35500 0.00000000060253349532
35600 0.00000000048799289609
35700 0.00000000048549683718
35800 0.00000000045708145602
35900 0.00000000064946342748
36000 0.00000000061017851882
