100 0.004052
200 0.003801
300 0.003948
400 0.004062
500 0.004001
600 0.003792
700 0.003814
800 0.003794
900 0.003911
1000 0.003869
1100 0.003919
1200 0.003951
1300 0.003848
1400 0.003699
1500 0.003656
1600 0.003670
1700 0.003678
1800 0.003628
1900 0.003638
2000 0.003664
2100 0.003633
2200 0.003590
2300 0.003583
2400 0.003537
2500 0.003484
2600 0.003423
2700 0.003397
2800 0.003386
2900 0.003341
3000 0.003312
3100 0.003312
3200 0.003321
3300 0.003310
3400 0.003287
3500 0.003288
3600 0.003300
3700 0.003282
3800 0.003291
3900 0.003299
4000 0.003305
4100 0.003318
4200 0.003325
4300 0.003328
4400 0.003330
4500 0.003329
4600 0.003334
4700 0.003341
4800 0.003356
4900 0.003358
5000 0.003357
5100 0.003353
5200 0.003350
5300 0.003347
5400 0.003353
5500 0.003363
5600 0.003367
5700 0.003357
5800 0.003361
5900 0.003350
6000 0.003333
6100 0.003337
6200 0.003352
6300 0.003358
6400 0.003373
6500 0.003373
6600 0.003356
6700 0.003350
6800 0.003347
6900 0.003350
7000 0.003347
7100 0.003351
7200 0.003353
7300 0.003361
7400 0.003363
7500 0.003358
7600 0.003356
7700 0.003354
7800 0.003345
7900 0.003344
8000 0.003343
8100 0.003340
8200 0.003347
8300 0.003354
8400 0.003360
8500 0.003366
8600 0.003361
8700 0.003367
8800 0.003373
8900 0.003371
9000 0.003367
9100 0.003362
9200 0.003364
9300 0.003355
9400 0.003349
9500 0.003339
9600 0.003332
9700 0.003325
9800 0.003331
9900 0.003326
10000 0.003324
10100 0.003316
10200 0.003313
10300 0.003310
10400 0.003301
10500 0.003302
10600 0.003291
10700 0.003291
10800 0.003294
10900 0.003299
11000 0.003298
11100 0.003303
11200 0.003311
11300 0.003313
11400 0.003315
11500 0.003318
11600 0.003323
11700 0.003328
11800 0.003327
11900 0.003326
12000 0.003325
12100 0.003324
12200 0.003326
12300 0.003328
12400 0.003327
12500 0.003329
12600 0.003332
12700 0.003334
12800 0.003334
12900 0.003332
13000 0.003335
13100 0.003336
13200 0.003334
13300 0.003327
13400 0.003321
13500 0.003322
13600 0.003319
13700 0.003323
13800 0.003325
13900 0.003330
14000 0.003324
14100 0.003323
14200 0.003323
14300 0.003323
14400 0.003319
14500 0.003318
14600 0.003318
14700 0.003314
14800 0.003307
14900 0.003301
15000 0.003301
15100 0.003304
15200 0.003306
15300 0.003305
15400 0.003305
15500 0.003308
15600 0.003310
15700 0.003313
15800 0.003311
15900 0.003307
16000 0.003305
16100 0.003302
16200 0.003303
16300 0.003300
16400 0.003299
16500 0.003294
16600 0.003288
16700 0.003287
16800 0.003291
16900 0.003294
17000 0.003297
17100 0.003299
17200 0.003304
17300 0.003297
17400 0.003297
17500 0.003296
17600 0.003294
17700 0.003291
17800 0.003291
17900 0.003291
18000 0.003293
18100 0.003295
18200 0.003297
18300 0.003298
18400 0.003297
18500 0.003297
18600 0.003294
18700 0.003294
18800 0.003294
18900 0.003293
19000 0.003292
19100 0.003292
19200 0.003287
19300 0.003287
19400 0.003288
19500 0.003288
19600 0.003291
19700 0.003291
19800 0.003287
19900 0.003283
20000 0.003281
20100 0.003277
20200 0.003276
20300 0.003279
20400 0.003281
20500 0.003283
20600 0.003287
20700 0.003289
20800 0.003292
20900 0.003295
21000 0.003298
21100 0.003299
21200 0.003296
21300 0.003296
21400 0.003297
21500 0.003295
21600 0.003295
21700 0.003293
21800 0.003294
21900 0.003296
22000 0.003297
22100 0.003300
22200 0.003299
22300 0.003301
22400 0.003302
22500 0.003305
22600 0.003302
22700 0.003303
22800 0.003303
22900 0.003306
23000 0.003308
23100 0.003306
23200 0.003308
23300 0.003311
23400 0.003314
23500 0.003315
23600 0.003316
23700 0.003314
23800 0.003313
23900 0.003310
24000 0.003310
24100 0.003313
24200 0.003313
24300 0.003313
24400 0.003312
24500 0.003314
24600 0.003312
24700 0.003314
24800 0.003314
24900 0.003316
25000 0.003316
25100 0.003315
25200 0.003312
25300 0.003310
25400 0.003309
25500 0.003309
25600 0.003308
25700 0.003308
25800 0.003310
25900 0.003309
26000 0.003310
26100 0.003311
26200 0.003313
26300 0.003314
26400 0.003313
26500 0.003316
26600 0.003314
26700 0.003308
26800 0.003308
26900 0.003309
27000 0.003310
27100 0.003314
27200 0.003316
27300 0.003318
27400 0.003317
27500 0.003318
27600 0.003319
27700 0.003319
27800 0.003319
27900 0.003319
28000 0.003319
28100 0.003317
28200 0.003317
28300 0.003319
28400 0.003315
28500 0.003314
28600 0.003314
28700 0.003314
28800 0.003315
28900 0.003316
29000 0.003317
29100 0.003319
29200 0.003322
29300 0.003321
29400 0.003320
29500 0.003317
29600 0.003315
29700 0.003315
29800 0.003315
29900 0.003318
30000 0.003320
30100 0.003321
30200 0.003320
30300 0.003321
30400 0.003322
30500 0.003321
30600 0.003319
30700 0.003320
30800 0.003318
30900 0.003319
31000 0.003322
31100 0.003321
31200 0.003320
31300 0.003320
31400 0.003322
31500 0.003322
31600 0.003323
31700 0.003323
31800 0.003324
31900 0.003323
32000 0.003323
32100 0.003325
32200 0.003325
32300 0.003327
32400 0.003329
32500 0.003330
32600 0.003331
32700 0.003330
32800 0.003330
32900 0.003332
33000 0.003334
33100 0.003337
33200 0.003337
33300 0.003339
33400 0.003340
33500 0.003338
33600 0.003335
33700 0.003336
33800 0.003337
33900 0.003335
34000 0.003334
34100 0.003337
34200 0.003338
34300 0.003336
34400 0.003333
34500 0.003334
34600 0.003335
34700 0.003335
34800 0.003334
34900 0.003332
35000 0.003329
35100 0.003327
35200 0.003327
35300 0.003327
35400 0.003329
35500 0.003330
35600 0.003329
35700 0.003330
35800 0.003332
35900 0.003330
36000 0.003330
