100 0.001410
200 0.001410
300 0.001410
400 0.001410
500 0.001410
600 0.001410
700 0.001410
800 0.001410
900 0.001410
1000 0.001410
1100 0.001410
1200 0.001410
1300 0.001410
1400 0.001410
1500 0.001410
1600 0.001410
1700 0.001410
1800 0.001410
1900 0.001410
2000 0.001410
2100 0.001410
2200 0.001410
2300 0.001410
2400 0.001410
2500 0.001410
2600 0.001410
2700 0.001410
2800 0.001410
2900 0.001410
3000 0.001410
3100 0.001410
3200 0.001410
3300 0.001410
3400 0.001410
3500 0.001410
3600 0.001410
3700 0.001410
3800 0.001410
3900 0.001410
4000 0.001410
4100 0.001410
4200 0.001410
4300 0.001410
4400 0.001410
4500 0.001410
4600 0.001410
4700 0.001410
4800 0.001410
4900 0.001410
5000 0.001410
5100 0.001410
5200 0.001410
5300 0.001410
5400 0.001410
5500 0.001410
5600 0.001410
5700 0.001410
5800 0.001410
5900 0.001410
6000 0.001410
6100 0.001410
6200 0.001410
6300 0.001410
6400 0.001410
6500 0.001410
6600 0.001410
6700 0.001410
6800 0.001410
6900 0.001410
7000 0.001410
7100 0.001410
7200 0.001410
7300 0.001410
7400 0.001410
7500 0.001410
7600 0.001410
7700 0.001410
7800 0.001410
7900 0.001410
8000 0.001410
8100 0.001410
8200 0.001410
8300 0.001410
8400 0.001410
8500 0.001410
8600 0.001410
8700 0.001410
8800 0.001410
8900 0.001410
9000 0.001410
9100 0.001410
9200 0.001410
9300 0.001410
9400 0.001410
9500 0.001410
9600 0.001410
9700 0.001410
9800 0.001410
9900 0.001410
10000 0.001410
10100 0.001410
10200 0.001410
10300 0.001410
10400 0.001410
10500 0.001410
10600 0.001410
10700 0.001410
10800 0.001410
10900 0.001410
11000 0.001410
11100 0.001410
11200 0.001410
11300 0.001410
11400 0.001410
11500 0.001410
11600 0.001410
11700 0.001410
11800 0.001410
11900 0.001410
12000 0.001410
12100 0.001410
12200 0.001410
12300 0.001410
12400 0.001410
12500 0.001410
12600 0.001410
12700 0.001410
12800 0.001410
12900 0.001410
13000 0.001410
13100 0.001410
13200 0.001410
13300 0.001410
13400 0.001410
13500 0.001410
13600 0.001410
13700 0.001410
13800 0.001410
13900 0.001410
14000 0.001410
14100 0.001410
14200 0.001410
14300 0.001410
14400 0.001410
14500 0.001410
14600 0.001410
14700 0.001410
14800 0.001410
14900 0.001410
15000 0.001410
15100 0.001410
15200 0.001410
15300 0.001410
15400 0.001410
15500 0.001410
15600 0.001410
15700 0.001410
15800 0.001410
15900 0.001410
16000 0.001410
16100 0.001410
16200 0.001410
16300 0.001410
16400 0.001410
16500 0.001410
16600 0.001410
16700 0.001410
16800 0.001410
16900 0.001410
17000 0.001410
17100 0.001410
17200 0.001410
17300 0.001410
17400 0.001410
17500 0.001410
17600 0.001410
17700 0.001410
17800 0.001410
17900 0.001410
18000 0.001410
18100 0.001410
18200 0.001410
18300 0.001410
18400 0.001410
18500 0.001410
18600 0.001410
18700 0.001410
18800 0.001410
18900 0.001410
19000 0.001410
19100 0.001410
19200 0.001410
19300 0.001410
19400 0.001410
19500 0.001410
19600 0.001410
19700 0.001410
19800 0.001410
19900 0.001410
20000 0.001410
20100 0.001410
20200 0.001410
20300 0.001410
20400 0.001410
20500 0.001410
20600 0.001410
20700 0.001410
20800 0.001410
20900 0.001410
21000 0.001410
21100 0.001410
21200 0.001410
21300 0.001410
21400 0.001410
21500 0.001410
21600 0.001410
21700 0.001410
21800 0.001410
21900 0.001410
22000 0.001410
22100 0.001410
22200 0.001410
22300 0.001410
22400 0.001410
22500 0.001410
22600 0.001410
22700 0.001410
22800 0.001410
22900 0.001410
23000 0.001410
23100 0.001410
23200 0.001410
23300 0.001410
23400 0.001410
23500 0.001410
23600 0.001410
23700 0.001410
23800 0.001410
23900 0.001410
24000 0.001410
24100 0.001410
24200 0.001410
24300 0.001410
24400 0.001410
24500 0.001410
24600 0.001410
24700 0.001410
24800 0.001410
24900 0.001410
25000 0.001410
25100 0.001410
25200 0.001410
25300 0.001410
25400 0.001410
25500 0.001410
25600 0.001410
25700 0.001410
25800 0.001410
25900 0.001410
26000 0.001410
26100 0.001410
26200 0.001410
26300 0.001410
26400 0.001410
26500 0.001410
26600 0.001410
26700 0.001410
26800 0.001410
26900 0.001410
27000 0.001410
27100 0.001410
27200 0.001410
27300 0.001410
27400 0.001410
27500 0.001410
27600 0.001410
27700 0.001410
27800 0.001410
27900 0.001410
28000 0.001410
28100 0.001410
28200 0.001410
28300 0.001410
28400 0.001410
28500 0.001410
28600 0.001410
28700 0.001410
28800 0.001410
28900 0.001410
29000 0.001410
29100 0.001410
29200 0.001410
29300 0.001410
29400 0.001410
29500 0.001410
29600 0.001410
29700 0.001410
29800 0.001410
29900 0.001410
30000 0.001410
30100 0.001410
30200 0.001410
30300 0.001410
30400 0.001410
30500 0.001410
30600 0.001410
30700 0.001410
30800 0.001410
30900 0.001410
31000 0.001410
31100 0.001410
31200 0.001410
31300 0.001410
31400 0.001410
31500 0.001410
31600 0.001410
31700 0.001410
31800 0.001410
31900 0.001410
32000 0.001410
32100 0.001410
32200 0.001410
32300 0.001410
32400 0.001410
32500 0.001410
32600 0.001410
32700 0.001410
32800 0.001410
32900 0.001410
33000 0.001410
33100 0.001410
33200 0.001410
33300 0.001410
33400 0.001410
33500 0.001410
33600 0.001410
33700 0.001410
33800 0.001410
33900 0.001410
34000 0.001410
34100 0.001410
34200 0.001410
34300 0.001410
34400 0.001410
34500 0.001410
34600 0.001410
34700 0.001410
34800 0.001410
34900 0.001410
35000 0.001410
35100 0.001410
35200 0.001410
35300 0.001410
35400 0.001410
35500 0.001410
35600 0.001410
35700 0.001410
35800 0.001410
35900 0.001410
36000 0.001410
