100 0.514967
200 0.531234
300 0.519956
400 0.504148
500 0.510003
600 0.532412
700 0.530431
800 0.531862
900 0.520506
1000 0.524920
1100 0.520254
1200 0.516491
1300 0.528768
1400 0.548259
1500 0.554450
1600 0.550545
1700 0.548818
1800 0.555401
1900 0.554910
2000 0.551695
2100 0.555316
2200 0.561112
2300 0.562581
2400 0.569260
2500 0.578183
2600 0.587009
2700 0.591914
2800 0.593082
2900 0.601100
3000 0.607405
3100 0.608115
3200 0.606200
3300 0.607905
3400 0.612461
3500 0.613253
3600 0.610959
3700 0.613963
3800 0.611639
3900 0.610018
4000 0.609433
4100 0.607031
4200 0.606518
4300 0.605872
4400 0.606332
4500 0.606175
4600 0.605238
4700 0.604016
4800 0.601208
4900 0.600743
5000 0.601340
5100 0.602234
5200 0.602630
5300 0.603276
5400 0.602309
5500 0.600333
5600 0.599169
5700 0.601431
5800 0.600295
5900 0.602208
6000 0.605083
6100 0.604435
6200 0.601729
6300 0.600959
6400 0.598128
6500 0.598373
6600 0.601148
6700 0.601993
6800 0.602418
6900 0.602186
7000 0.603118
7100 0.602148
7200 0.601888
7300 0.600409
7400 0.600011
7500 0.600749
7600 0.600868
7700 0.600949
7800 0.602474
7900 0.602678
8000 0.603070
8100 0.603323
8200 0.602350
8300 0.600891
8400 0.600112
8500 0.599254
8600 0.600143
8700 0.599113
8800 0.598199
8900 0.598790
9000 0.599468
9100 0.600278
9200 0.599972
9300 0.601314
9400 0.602233
9500 0.604101
9600 0.605479
9700 0.606588
9800 0.605404
9900 0.606377
10000 0.606752
10100 0.607923
10200 0.608299
10300 0.608687
10400 0.610343
10500 0.610347
10600 0.612180
10700 0.612381
10800 0.611711
10900 0.610866
11000 0.610882
11100 0.609762
11200 0.608285
11300 0.607717
11400 0.607170
11500 0.606527
11600 0.605700
11700 0.604605
11800 0.604951
11900 0.605317
12000 0.605269
12100 0.605710
12200 0.605288
12300 0.605146
12400 0.605079
12500 0.604400
12600 0.603855
12700 0.603322
12800 0.603252
12900 0.603614
13000 0.603049
13100 0.603137
13200 0.603747
13300 0.604780
13400 0.605881
13500 0.605485
13600 0.606025
13700 0.605269
13800 0.604666
13900 0.603777
14000 0.604692
14100 0.605072
14200 0.605020
14300 0.604866
14400 0.605734
14500 0.605994
14600 0.606071
14700 0.606812
14800 0.608195
14900 0.609270
15000 0.609111
15100 0.608609
15200 0.608256
15300 0.608724
15400 0.608932
15500 0.608189
15600 0.607714
15700 0.607194
15800 0.607530
15900 0.608221
16000 0.608705
16100 0.609051
16200 0.608910
16300 0.609635
16400 0.609706
16500 0.610620
16600 0.611890
16700 0.611966
16800 0.611294
16900 0.610941
17000 0.610268
17100 0.609884
17200 0.608947
17300 0.610106
17400 0.610060
17500 0.610436
17600 0.610671
17700 0.611284
17800 0.611274
17900 0.611189
18000 0.610854
18100 0.610518
18200 0.609998
18300 0.609836
18400 0.610159
18500 0.610140
18600 0.610869
18700 0.610952
18800 0.610638
18900 0.610620
19000 0.610966
19100 0.610874
19200 0.611938
19300 0.611943
19400 0.611745
19500 0.611885
19600 0.611293
19700 0.611245
19800 0.611981
19900 0.612751
20000 0.613085
20100 0.613598
20200 0.613871
20300 0.613308
20400 0.612875
20500 0.612568
20600 0.611950
20700 0.611566
20800 0.610965
20900 0.610380
21000 0.609611
21100 0.609438
21200 0.609942
21300 0.609733
21400 0.609577
21500 0.609994
21600 0.610010
21700 0.610270
21800 0.609984
21900 0.609894
22000 0.609561
22100 0.609138
22200 0.609389
22300 0.608912
22400 0.608734
22500 0.608146
22600 0.608673
22700 0.608674
22800 0.608521
22900 0.608001
23000 0.607659
23100 0.608068
23200 0.607695
23300 0.607056
23400 0.606505
23500 0.606325
23600 0.606349
23700 0.606557
23800 0.606734
23900 0.607240
24000 0.607280
24100 0.606687
24200 0.606774
24300 0.606680
24400 0.606962
24500 0.606736
24600 0.607020
24700 0.606828
24800 0.606764
24900 0.606152
25000 0.606254
25100 0.606475
25200 0.607019
25300 0.607540
25400 0.607658
25500 0.607638
25600 0.607786
25700 0.607788
25800 0.607446
25900 0.607527
26000 0.607526
26100 0.607179
26200 0.606686
26300 0.606555
26400 0.606748
26500 0.606213
26600 0.606698
26700 0.607833
26800 0.607904
26900 0.607684
27000 0.607419
27100 0.606702
27200 0.606306
27300 0.605965
27400 0.606102
27500 0.605849
27600 0.605820
27700 0.605828
27800 0.605786
27900 0.605778
28000 0.605736
28100 0.606020
28200 0.605936
28300 0.605671
28400 0.606362
28500 0.606618
28600 0.606631
28700 0.606442
28800 0.606371
28900 0.606084
29000 0.605881
29100 0.605523
29200 0.604939
29300 0.605190
29400 0.605486
29500 0.605927
29600 0.606423
29700 0.606539
29800 0.606467
29900 0.605912
30000 0.605439
30100 0.605418
30200 0.605484
30300 0.605345
30400 0.605227
30500 0.605454
30600 0.605754
30700 0.605596
30800 0.605997
30900 0.605633
31000 0.605212
31100 0.605324
31200 0.605595
31300 0.605450
31400 0.605163
31500 0.605014
31600 0.605003
31700 0.605113
31800 0.604915
31900 0.604977
32000 0.604969
32100 0.604824
32200 0.604748
32300 0.604440
32400 0.604040
32500 0.603818
32600 0.603692
32700 0.603776
32800 0.603827
32900 0.603373
33000 0.603066
33100 0.602616
33200 0.602461
33300 0.602135
33400 0.602082
33500 0.602363
33600 0.602794
33700 0.602640
33800 0.602453
33900 0.602722
34000 0.602869
34100 0.602452
34200 0.602339
34300 0.602664
34400 0.603132
34500 0.603017
34600 0.602843
34700 0.602809
34800 0.603028
34900 0.603357
35000 0.603934
35100 0.604255
35200 0.604276
35300 0.604424
35400 0.604095
35500 0.603839
35600 0.603910
35700 0.603886
35800 0.603556
35900 0.603717
36000 0.603643
