100 8.781514
200 8.234784
300 7.538206
400 6.976252
500 7.049241
600 7.037825
700 7.365921
800 7.170015
900 7.013645
1000 6.854584
1100 8.225229
1200 8.096223
1300 11.244483
1400 12.067371
1500 11.941394
1600 12.018059
1700 11.614797
1800 11.230481
1900 10.865416
2000 10.699509
2100 10.395067
2200 10.175461
2300 9.918484
2400 10.337850
2500 10.275548
2600 10.291539
2700 10.065275
2800 10.221502
2900 10.214035
3000 10.141122
3100 9.970853
3200 9.842293
3300 9.679951
3400 9.553306
3500 9.476459
3600 9.399873
3700 9.326549
3800 9.290088
3900 9.305165
4000 9.358149
4100 9.327058
4200 9.216986
4300 9.149260
4400 9.115185
4500 9.041698
4600 9.010788
4700 9.032984
4800 8.953205
4900 8.866194
5000 8.750621
5100 8.681823
5200 8.780958
5300 8.746386
5400 8.685985
5500 8.687486
5600 8.759511
5700 8.696935
5800 8.930188
5900 8.972211
6000 9.157604
6100 9.154955
6200 9.081540
6300 9.025082
6400 9.057660
6500 8.971357
6600 8.866701
6700 8.775124
6800 8.704011
6900 8.710888
7000 8.752055
7100 8.853894
7200 8.884961
7300 8.862876
7400 8.835934
7500 8.850311
7600 8.866865
7700 8.840912
7800 8.927079
7900 8.871131
8000 8.845097
8100 8.804611
8200 8.836499
8300 8.967706
8400 8.994524
8500 8.929726
8600 8.880825
8700 8.857854
8800 8.859654
8900 8.819763
9000 8.809387
9100 8.757593
9200 8.716074
9300 8.763442
9400 8.906680
9500 8.898839
9600 8.918250
9700 8.893650
9800 8.908166
9900 8.878375
10000 8.862531
10100 8.885988
10200 8.921958
10300 8.953797
10400 8.978716
10500 9.123006
10600 9.226249
10700 9.222477
10800 9.198884
10900 9.175861
11000 9.132516
11100 9.074997
11200 9.019857
11300 9.047112
11400 9.013361
11500 8.973786
11600 8.983672
11700 9.211334
11800 9.252495
11900 9.237524
12000 9.201702
12100 9.195028
12200 9.174516
12300 9.167487
12400 9.180379
12500 9.459174
12600 9.513344
12700 9.552731
12800 9.505045
12900 9.477691
13000 9.442616
13100 9.401150
13200 9.434604
13300 9.413868
13400 9.377421
13500 9.348244
13600 9.310604
13700 9.286947
13800 9.277771
13900 9.388513
14000 9.365548
14100 9.325396
14200 9.325628
14300 9.295982
14400 9.257363
14500 9.261863
14600 9.222722
14700 9.194049
14800 9.234277
14900 9.219244
15000 9.202326
15100 9.239028
15200 9.257881
15300 9.263386
15400 9.235023
15500 9.214452
15600 9.195840
15700 9.171434
15800 9.145097
15900 9.150841
16000 9.126580
16100 9.105724
16200 9.104051
16300 9.105125
16400 9.092210
16500 9.060687
16600 9.109973
16700 9.139323
16800 9.119471
16900 9.121841
17000 9.139256
17100 9.129444
17200 9.112193
17300 9.090393
17400 9.055403
17500 9.046287
17600 9.065659
17700 9.054282
17800 9.037721
17900 9.015175
18000 9.020848
18100 9.007090
18200 8.984223
18300 8.952842
18400 8.927799
18500 8.901988
18600 8.883599
18700 8.888203
18800 8.884217
18900 8.851874
19000 8.841375
19100 8.835695
19200 8.838518
19300 8.831498
19400 8.850895
19500 8.831074
19600 8.816927
19700 8.830880
19800 8.811341
19900 8.814342
20000 8.814313
20100 8.794741
20200 8.787643
20300 8.783680
20400 8.754011
20500 8.732633
20600 8.717381
20700 8.743438
20800 8.727759
20900 8.721282
21000 8.719227
21100 8.708044
21200 8.702842
21300 8.681995
21400 8.687913
21500 8.678830
21600 8.687642
21700 8.725035
21800 8.734676
21900 8.710103
22000 8.701195
22100 8.690575
22200 8.679173
22300 8.663393
22400 8.645533
22500 8.631591
22600 8.656774
22700 8.664497
22800 8.657030
22900 8.633428
23000 8.610819
23100 8.589372
23200 8.577348
23300 8.567309
23400 8.583261
23500 8.578585
23600 8.559207
23700 8.587382
23800 8.583556
23900 8.570184
24000 8.548354
24100 8.534805
24200 8.534238
24300 8.620388
24400 8.642998
24500 8.645292
24600 8.629229
24700 8.613885
24800 8.594323
24900 8.570812
25000 8.559175
25100 8.544901
25200 8.527544
25300 8.562520
25400 8.563353
25500 8.569337
25600 8.563860
25700 8.547140
25800 8.546137
25900 8.531901
26000 8.527545
26100 8.507045
26200 8.497201
26300 8.508605
26400 8.534853
26500 8.562262
26600 8.561611
26700 8.554900
26800 8.556703
26900 8.564724
27000 8.548374
27100 8.561215
27200 8.554804
27300 8.552845
27400 8.568931
27500 8.560270
27600 8.543347
27700 8.568266
27800 8.564052
27900 8.604558
28000 8.608619
28100 8.623096
28200 8.617911
28300 8.614497
28400 8.618906
28500 8.667701
28600 8.658010
28700 8.648366
28800 8.632488
28900 8.633585
29000 8.614361
29100 8.608851
29200 8.609465
29300 8.593714
29400 8.588601
29500 8.590701
29600 8.580012
29700 8.575109
29800 8.576486
29900 8.600058
30000 8.580889
30100 8.585603
30200 8.609687
30300 8.656525
30400 8.649517
30500 8.647318
30600 8.646787
30700 8.639104
30800 8.639382
30900 8.626807
31000 8.626022
31100 8.610020
31200 8.614199
31300 8.615204
31400 8.611568
31500 8.620954
31600 8.614417
31700 8.613959
31800 8.616453
31900 8.612406
32000 8.609812
32100 8.592869
32200 8.601553
32300 8.589268
32400 8.577119
32500 8.570549
32600 8.591467
32700 8.582000
32800 8.566378
32900 8.573943
33000 8.569137
33100 8.563516
33200 8.566168
33300 8.557603
33400 8.556423
33500 8.539017
33600 8.536174
33700 8.531673
33800 8.528231
33900 8.511738
34000 8.507058
34100 8.505453
34200 8.493604
34300 8.554110
34400 8.541338
34500 8.533371
34600 8.521506
34700 8.510382
34800 8.513581
34900 8.509653
35000 8.506974
35100 8.501055
35200 8.507325
35300 8.494158
35400 8.484662
35500 8.493068
35600 8.479348
35700 8.473760
35800 8.463847
35900 8.453510
36000 8.451541
