100 0.00000000000004796163
200 0.00000000000008704149
300 0.00000000000039879211
400 0.00000000000019984014
500 0.00000000000052935434
600 0.00000000000108446585
700 0.00000000000281819013
800 0.00000000000006306067
900 0.00000000000413269419
1000 0.00000000000509015052
1100 0.00000000000007993606
1200 0.00000000000268585154
1300 0.00000000000705391301
1400 0.00000000001067945732
1500 0.00000000001114486281
1600 0.00000000000812327983
1700 0.00000000000900790553
1800 0.00000000001674926864
1900 0.00000000000713562542
2000 0.00000000000584421400
2100 0.00000000000573585623
2200 0.00000000000914468501
2300 0.00000000000181010762
2400 0.00000000000621014351
2500 0.00000000000303934655
2600 0.00000000000623501251
2700 0.00000000001232614011
2800 0.00000000001616307088
2900 0.00000000000079936058
3000 0.00000000000941291489
3100 0.00000000003141664706
3200 0.00000000000684430290
3300 0.00000000001017497198
3400 0.00000000000884803342
3500 0.00000000001598721155
3600 0.00000000001975308805
3700 0.00000000002608935290
3800 0.00000000000054178884
3900 0.00000000000109956488
4000 0.00000000004139621979
4100 0.00000000002494893181
4200 0.00000000002586020287
4300 0.00000000000876276829
4400 0.00000000001462119315
4500 0.00000000002828315360
4600 0.00000000004295408473
4700 0.00000000003922906444
4800 0.00000000005592681873
4900 0.00000000003956301953
5000 0.00000000004934008757
5100 0.00000000003214495337
5200 0.00000000002576605596
5300 0.00000000001398881011
5400 0.00000000001936584226
5500 0.00000000000462030414
5600 0.00000000002154898482
5700 0.00000000002263433885
5800 0.00000000003380229430
5900 0.00000000002778577368
6000 0.00000000001732125554
6100 0.00000000001669597793
6200 0.00000000002497024809
6300 0.00000000004750866367
6400 0.00000000007626788090
6500 0.00000000007766054466
6600 0.00000000007685585501
6700 0.00000000011407763623
6800 0.00000000011917222764
6900 0.00000000014393819470
7000 0.00000000016491519261
7100 0.00000000017192469670
7200 0.00000000014633805279
7300 0.00000000015076828674
7400 0.00000000019670132190
7500 0.00000000014566126083
7600 0.00000000018169110660
7700 0.00000000018751222797
7800 0.00000000020129142797
7900 0.00000000015882939408
8000 0.00000000016709833517
8100 0.00000000014982681762
8200 0.00000000010277823037
8300 0.00000000010253842220
8400 0.00000000015435297485
8500 0.00000000011745449058
8600 0.00000000012835954522
8700 0.00000000011946710288
8800 0.00000000005109868084
8900 0.00000000001299937935
9000 0.00000000005242561940
9100 0.00000000004822098276
9200 0.00000000002059685755
9300 0.00000000000219912977
9400 0.00000000001667288529
9500 0.00000000001246824866
9600 0.00000000002185807091
9700 0.00000000002309974434
9800 0.00000000000483701967
9900 0.00000000000776090303
10000 0.00000000001075761702
10100 0.00000000000610889117
10200 0.00000000001405986438
10300 0.00000000003416111838
10400 0.00000000006348166437
10500 0.00000000002498268259
10600 0.00000000005695710570
10700 0.00000000001385735970
10800 0.00000000001454658616
10900 0.00000000000714450721
11000 0.00000000004861000491
11100 0.00000000004606448556
11200 0.00000000005860734120
11300 0.00000000001995914545
11400 0.00000000001052846699
11500 0.00000000002750510930
11600 0.00000000002433608870
11700 0.00000000003211830801
11800 0.00000000004047606694
11900 0.00000000007402967128
12000 0.00000000004654943098
12100 0.00000000003440270291
12200 0.00000000007261391488
12300 0.00000000006519051965
12400 0.00000000005772804457
12500 0.00000000000344080320
12600 0.00000000006209965875
12700 0.00000000019933388273
12800 0.00000000016282264426
12900 0.00000000020050094918
13000 0.00000000022795099142
13100 0.00000000024605029125
13200 0.00000000020962254155
13300 0.00000000016877343967
13400 0.00000000016152590376
13500 0.00000000020883028640
13600 0.00000000014003376236
13700 0.00000000016166801231
13800 0.00000000018052936923
13900 0.00000000019884538460
14000 0.00000000023893775847
14100 0.00000000014295586936
14200 0.00000000011714007542
14300 0.00000000010879652734
14400 0.00000000010505196713
14500 0.00000000006921396789
14600 0.00000000008603784352
14700 0.00000000000121325172
14800 0.00000000006356692950
14900 0.00000000004179590007
15000 0.00000000000964561764
15100 0.00000000002475886163
15200 0.00000000002468603100
15300 0.00000000003652012026
15400 0.00000000007862865914
15500 0.00000000016082246646
15600 0.00000000018027535020
15700 0.00000000024902213625
15800 0.00000000020557777702
15900 0.00000000018105694721
16000 0.00000000018612489328
16100 0.00000000017451107226
16200 0.00000000016662582425
16300 0.00000000021818635787
16400 0.00000000030790658911
16500 0.00000000029758773223
16600 0.00000000030180657973
16700 0.00000000031152502800
16800 0.00000000040492942333
16900 0.00000000052995297040
17000 0.00000000052458837274
17100 0.00000000058256688362
17200 0.00000000066376060204
17300 0.00000000077380946095
17400 0.00000000069729111374
17500 0.00000000071034911286
17600 0.00000000074632922065
17700 0.00000000076171069452
17800 0.00000000076983575070
17900 0.00000000084338225292
18000 0.00000000080942008651
18100 0.00000000078846262852
18200 0.00000000076445338948
18300 0.00000000060822458181
18400 0.00000000062935257006
18500 0.00000000052058446443
18600 0.00000000049408477309
18700 0.00000000042070702477
18800 0.00000000038668268587
18900 0.00000000042121861554
19000 0.00000000038521186241
19100 0.00000000041211656310
19200 0.00000000048350301540
19300 0.00000000048820503196
19400 0.00000000049141668512
19500 0.00000000053462834160
19600 0.00000000054098059366
19700 0.00000000052949999940
19800 0.00000000048127901664
19900 0.00000000053976911829
20000 0.00000000054957816076
20100 0.00000000051707260695
20200 0.00000000059783289430
20300 0.00000000068184213831
20400 0.00000000061814908747
20500 0.00000000061420912800
20600 0.00000000060668448043
20700 0.00000000059683635811
20800 0.00000000058706639550
20900 0.00000000068106942308
21000 0.00000000053366555619
21100 0.00000000055400484200
21200 0.00000000049983128747
21300 0.00000000051317883276
21400 0.00000000036070169074
21500 0.00000000053286264290
21600 0.00000000043661430027
21700 0.00000000032457414534
21800 0.00000000018856560757
21900 0.00000000029393376622
22000 0.00000000021764634539
22100 0.00000000008656897421
22200 0.00000000002793498766
22300 0.00000000001267963512
22400 0.00000000001089084378
22500 0.00000000015125145580
22600 0.00000000026467361636
22700 0.00000000031463542882
22800 0.00000000028870239532
22900 0.00000000023943158567
23000 0.00000000017329782054
23100 0.00000000017741008662
23200 0.00000000008404121843
23300 0.00000000000954081258
23400 0.00000000003312727870
23500 0.00000000002736300075
23600 0.00000000004579980839
23700 0.00000000007112355149
23800 0.00000000005366196376
23900 0.00000000002323652382
24000 0.00000000022650503695
24100 0.00000000023708501828
24200 0.00000000033537617128
24300 0.00000000040415670810
24400 0.00000000037529979124
24500 0.00000000035123726150
24600 0.00000000034518699010
24700 0.00000000008483169722
24800 0.00000000022889068418
24900 0.00000000017200108005
25000 0.00000000018739143570
25100 0.00000000027678126457
25200 0.00000000018072476848
25300 0.00000000013395506926
25400 0.00000000002784616981
25500 0.00000000018230039700
25600 0.00000000026889956928
25700 0.00000000038566305705
25800 0.00000000026661162167
25900 0.00000000041256420502
26000 0.00000000053015902779
26100 0.00000000045177195318
26200 0.00000000036195757502
26300 0.00000000032025404550
26400 0.00000000029607249985
26500 0.00000000027619329046
26600 0.00000000027881874587
26700 0.00000000029220181830
26800 0.00000000022111201758
26900 0.00000000029320723627
27000 0.00000000032067681843
27100 0.00000000030752111968
27200 0.00000000040356873399
27300 0.00000000045484149780
27400 0.00000000038622793852
27500 0.00000000046288839428
27600 0.00000000045093351275
27700 0.00000000043851677844
27800 0.00000000039998049317
27900 0.00000000046034287493
28000 0.00000000054720672438
28100 0.00000000056910920421
28200 0.00000000048434856126
28300 0.00000000048116888252
28400 0.00000000038177994099
28500 0.00000000039219294479
28600 0.00000000023279511652
28700 0.00000000014103918033
28800 0.00000000028011193365
28900 0.00000000017098500393
29000 0.00000000020226487152
29100 0.00000000035236524809
29200 0.00000000028897240156
29300 0.00000000023500490443
29400 0.00000000033890401596
29500 0.00000000061617377867
29600 0.00000000103097441695
29700 0.00000000091442586836
29800 0.00000000091343999031
29900 0.00000000111106857048
30000 0.00000000119175247448
30100 0.00000000132184396762
30200 0.00000000105502273584
30300 0.00000000118428111762
30400 0.00000000153079682264
30500 0.00000000140758160683
30600 0.00000000143777612038
30700 0.00000000126016708180
30800 0.00000000102541086733
30900 0.00000000115656462185
31000 0.00000000126794397204
31100 0.00000000121404042375
31200 0.00000000135549882430
31300 0.00000000127338317668
31400 0.00000000077656281405
31500 0.00000000076762241008
31600 0.00000000083770856918
31700 0.00000000089933038794
31800 0.00000000092143359609
31900 0.00000000092975582788
32000 0.00000000121295506972
32100 0.00000000129853816588
32200 0.00000000131649358082
32300 0.00000000145330147916
32400 0.00000000145181644484
32500 0.00000000148517820264
32600 0.00000000138028077856
32700 0.00000000140676981175
32800 0.00000000131681865412
32900 0.00000000135286626346
33000 0.00000000169755232093
33100 0.00000000175217529375
33200 0.00000000159333168881
33300 0.00000000154452806100
33400 0.00000000133546684822
33500 0.00000000116770060288
33600 0.00000000125981891586
33700 0.00000000121582743873
33800 0.00000000116774145908
33900 0.00000000124300036930
34000 0.00000000129128352455
34100 0.00000000131001876014
34200 0.00000000117395693167
34300 0.00000000123078791603
34400 0.00000000134582833766
34500 0.00000000118781073866
34600 0.00000000104138031531
34700 0.00000000098064312226
34800 0.00000000094917496085
34900 0.00000000096104635361
35000 0.00000000084211571050
35100 0.00000000085930729199
35200 0.00000000078782846913
35300 0.00000000071732131346
35400 0.00000000073982420190
35500 0.00000000063038996245
35600 0.00000000055783999642
35700 0.00000000067406702442
35800 0.00000000044715164904
35900 0.00000000034044944641
36000 0.00000000009532286072
