100 1.695273
200 1.629037
300 1.499643
400 1.396647
500 1.412108
600 1.396856
700 1.475714
800 1.436517
900 1.405853
1000 1.376423
1100 1.642656
1200 1.620055
1300 2.224936
1400 2.386203
1500 2.371206
1600 2.385423
1700 2.316963
1800 2.244351
1900 2.171712
2000 2.129467
2100 2.069945
2200 2.030662
2300 1.983179
2400 2.059162
2500 2.049208
2600 2.050422
2700 2.011714
2800 2.038331
2900 2.034109
3000 2.024985
3100 1.989550
3200 1.966247
3300 1.937047
3400 1.912912
3500 1.893993
3600 1.878201
3700 1.863899
3800 1.857333
3900 1.861510
4000 1.871817
4100 1.865503
4200 1.843309
4300 1.829171
4400 1.824198
4500 1.809949
4600 1.803177
4700 1.804984
4800 1.787736
4900 1.771720
5000 1.751105
5100 1.736705
5200 1.754639
5300 1.748222
5400 1.737969
5500 1.737497
5600 1.751089
5700 1.737253
5800 1.780695
5900 1.788380
6000 1.822288
6100 1.822625
6200 1.808839
6300 1.797598
6400 1.804202
6500 1.789646
6600 1.772696
6700 1.755025
6800 1.742442
6900 1.742279
7000 1.749611
7100 1.769632
7200 1.774331
7300 1.770199
7400 1.764992
7500 1.767752
7600 1.772393
7700 1.768320
7800 1.783815
7900 1.773732
8000 1.767694
8100 1.759402
8200 1.764159
8300 1.789488
8400 1.793695
8500 1.781251
8600 1.772496
8700 1.768197
8800 1.768033
8900 1.760234
9000 1.757542
9100 1.748291
9200 1.740000
9300 1.748740
9400 1.776309
9500 1.775991
9600 1.779720
9700 1.774888
9800 1.776955
9900 1.771452
10000 1.768404
10100 1.771620
10200 1.777942
10300 1.783901
10400 1.788452
10500 1.816780
10600 1.837035
10700 1.836531
10800 1.831738
10900 1.828195
11000 1.820380
11100 1.810107
11200 1.799986
11300 1.805460
11400 1.798917
11500 1.792482
11600 1.793117
11700 1.836678
11800 1.844528
11900 1.841501
12000 1.835049
12100 1.833128
12200 1.829026
12300 1.828028
12400 1.830967
12500 1.885319
12600 1.895658
12700 1.903741
12800 1.895471
12900 1.890584
13000 1.883915
13100 1.875705
13200 1.881447
13300 1.877269
13400 1.869290
13500 1.863575
13600 1.856578
13700 1.851362
13800 1.850245
13900 1.871939
14000 1.867348
14100 1.859961
14200 1.860017
14300 1.854347
14400 1.847137
14500 1.847785
14600 1.841316
14700 1.836037
14800 1.843940
14900 1.842019
15000 1.838945
15100 1.845996
15200 1.849216
15300 1.850162
15400 1.844466
15500 1.841227
15600 1.837590
15700 1.832816
15800 1.827285
15900 1.828443
16000 1.823515
16100 1.819585
16200 1.819193
16300 1.819038
16400 1.817400
16500 1.810535
16600 1.818970
16700 1.824391
16800 1.820924
16900 1.822233
17000 1.825296
17100 1.822946
17200 1.819625
17300 1.815308
17400 1.809687
17500 1.807378
17600 1.810848
17700 1.808527
17800 1.806164
17900 1.802491
18000 1.804149
18100 1.801816
18200 1.797516
18300 1.791704
18400 1.786375
18500 1.781784
18600 1.778518
18700 1.778782
18800 1.778281
18900 1.772325
19000 1.769970
19100 1.768787
19200 1.769528
19300 1.768224
19400 1.771951
19500 1.768301
19600 1.765728
19700 1.768942
19800 1.765425
19900 1.765583
20000 1.765087
20100 1.761367
20200 1.760073
20300 1.759145
20400 1.754569
20500 1.750814
20600 1.747497
20700 1.752650
20800 1.749640
20900 1.747718
21000 1.746940
21100 1.744850
21200 1.744221
21300 1.740845
21400 1.741554
21500 1.739390
21600 1.740897
21700 1.748020
21800 1.749600
21900 1.745368
22000 1.742996
22100 1.740935
22200 1.738811
22300 1.735792
22400 1.732866
22500 1.730194
22600 1.735086
22700 1.736418
22800 1.735547
22900 1.730994
23000 1.727150
23100 1.723156
23200 1.720676
23300 1.718610
23400 1.721449
23500 1.720021
23600 1.716380
23700 1.721763
23800 1.721021
23900 1.718509
24000 1.714056
24100 1.711591
24200 1.711416
24300 1.728302
24400 1.732661
24500 1.733090
24600 1.729967
24700 1.727014
24800 1.723173
24900 1.719161
25000 1.717206
25100 1.714321
25200 1.710968
25300 1.717323
25400 1.717716
25500 1.718585
25600 1.717805
25700 1.714859
25800 1.714584
25900 1.711561
26000 1.710351
26100 1.706391
26200 1.704671
26300 1.706822
26400 1.711262
26500 1.716481
26600 1.716154
26700 1.714808
26800 1.714937
26900 1.716020
27000 1.712948
27100 1.715789
27200 1.714478
27300 1.713984
27400 1.716844
27500 1.715147
27600 1.712031
27700 1.716827
27800 1.716057
27900 1.723952
28000 1.724754
28100 1.727878
28200 1.726950
28300 1.726438
28400 1.727102
28500 1.736465
28600 1.734550
28700 1.732438
28800 1.729765
28900 1.730201
29000 1.726563
29100 1.725114
29200 1.725178
29300 1.722505
29400 1.721303
29500 1.722063
29600 1.720152
29700 1.718795
29800 1.719220
29900 1.723805
30000 1.720238
30100 1.720527
30200 1.724965
30300 1.734155
30400 1.732822
30500 1.732520
30600 1.731938
30700 1.730334
30800 1.730269
30900 1.728034
31000 1.727500
31100 1.724533
31200 1.724885
31300 1.725069
31400 1.724466
31500 1.726603
31600 1.725450
31700 1.725513
31800 1.726037
31900 1.725315
32000 1.725154
32100 1.722179
32200 1.723469
32300 1.721371
32400 1.719383
32500 1.718032
32600 1.722001
32700 1.720430
32800 1.717832
32900 1.719356
33000 1.718326
33100 1.717248
33200 1.717859
33300 1.716324
33400 1.716125
33500 1.713060
33600 1.712607
33700 1.711698
33800 1.711236
33900 1.708041
34000 1.707035
34100 1.706807
34200 1.704122
34300 1.715905
34400 1.713298
34500 1.711815
34600 1.709608
34700 1.707519
34800 1.708224
34900 1.707331
35000 1.706955
35100 1.705966
35200 1.706906
35300 1.704316
35400 1.702492
35500 1.704124
35600 1.701788
35700 1.700783
35800 1.698901
35900 1.697065
36000 1.696822
