100 0.927988
200 0.923255
300 0.899614
400 0.889943
500 0.889779
600 0.890102
700 0.889007
800 0.890930
900 0.890746
1000 0.887121
1100 0.896316
1200 0.894716
1300 0.902791
1400 0.908930
1500 0.906523
1600 0.908234
1700 0.902028
1800 0.898464
1900 0.896955
2000 0.896864
2100 0.897224
2200 0.895572
2300 0.892948
2400 0.897411
2500 0.898836
2600 0.900765
2700 0.896904
2800 0.899554
2900 0.900086
3000 0.898925
3100 0.898598
3200 0.897005
3300 0.894594
3400 0.893387
3500 0.893861
3600 0.894526
3700 0.894848
3800 0.895225
3900 0.895102
4000 0.895659
4100 0.895998
4200 0.895303
4300 0.894756
4400 0.894920
4500 0.893527
4600 0.893381
4700 0.894622
4800 0.895582
4900 0.894244
5000 0.892290
5100 0.892154
5200 0.893761
5300 0.893191
5400 0.892843
5500 0.893146
5600 0.893746
5700 0.893889
5800 0.895719
5900 0.896982
6000 0.898694
6100 0.899518
6200 0.898418
6300 0.898855
6400 0.899672
6500 0.897741
6600 0.895378
6700 0.894669
6800 0.893976
6900 0.894137
7000 0.894761
7100 0.895906
7200 0.896866
7300 0.897229
7400 0.896941
7500 0.897262
7600 0.897505
7700 0.896867
7800 0.897966
7900 0.897513
8000 0.897770
8100 0.897982
8200 0.898762
8300 0.899980
8400 0.900646
8500 0.900361
8600 0.900161
8700 0.899868
8800 0.899594
8900 0.899524
9000 0.899939
9100 0.899119
9200 0.898846
9300 0.899558
9400 0.900568
9500 0.900483
9600 0.901042
9700 0.901348
9800 0.901888
9900 0.901942
10000 0.902431
10100 0.902589
10200 0.902955
10300 0.903085
10400 0.903559
10500 0.904319
10600 0.905109
10700 0.904757
10800 0.904593
10900 0.904449
11000 0.904084
11100 0.903269
11200 0.902502
11300 0.902678
11400 0.902837
11500 0.902363
11600 0.902935
11700 0.903765
11800 0.904014
11900 0.903890
12000 0.903375
12100 0.903891
12200 0.903985
12300 0.903856
12400 0.904183
12500 0.904949
12600 0.905609
12700 0.905804
12800 0.904561
12900 0.904168
13000 0.903843
13100 0.903527
13200 0.904081
13300 0.903971
13400 0.903648
13500 0.903458
13600 0.903055
13700 0.903028
13800 0.902978
13900 0.903539
14000 0.903433
14100 0.902809
14200 0.903010
14300 0.902818
14400 0.902469
14500 0.902923
14600 0.902210
14700 0.901991
14800 0.902587
14900 0.902403
15000 0.902341
15100 0.902396
15200 0.902729
15300 0.903095
15400 0.902825
15500 0.902885
15600 0.902921
15700 0.902514
15800 0.902420
15900 0.902521
16000 0.902500
16100 0.902234
16200 0.902328
16300 0.902579
16400 0.902353
16500 0.902273
16600 0.902639
16700 0.903033
16800 0.902692
16900 0.902649
17000 0.902768
17100 0.902903
17200 0.902704
17300 0.902822
17400 0.902073
17500 0.902071
17600 0.902474
17700 0.902699
17800 0.902532
17900 0.902242
18000 0.902433
18100 0.902169
18200 0.901814
18300 0.901306
18400 0.901183
18500 0.901021
18600 0.900788
18700 0.900802
18800 0.900829
18900 0.900123
19000 0.900151
19100 0.900064
19200 0.900096
19300 0.900098
19400 0.900264
19500 0.899863
19600 0.899762
19700 0.899870
19800 0.899659
19900 0.899852
20000 0.900060
20100 0.900003
20200 0.899888
20300 0.900067
20400 0.899312
20500 0.899002
20600 0.898964
20700 0.899187
20800 0.899129
20900 0.899262
21000 0.899252
21100 0.899199
21200 0.899118
21300 0.898769
21400 0.899005
21500 0.899092
21600 0.899391
21700 0.899645
21800 0.899845
21900 0.899392
22000 0.899357
22100 0.899326
22200 0.899189
22300 0.898952
22400 0.898809
22500 0.898641
22600 0.899032
22700 0.899225
22800 0.898958
22900 0.898599
23000 0.898057
23100 0.897723
23200 0.897499
23300 0.897469
23400 0.897895
23500 0.898078
23600 0.897710
23700 0.898043
23800 0.898041
23900 0.898011
24000 0.897769
24100 0.897596
24200 0.897638
24300 0.897984
24400 0.898141
24500 0.898145
24600 0.897920
24700 0.897708
24800 0.897393
24900 0.896864
25000 0.896701
25100 0.896569
25200 0.896313
25300 0.896574
25400 0.896731
25500 0.896873
25600 0.896786
25700 0.896606
25800 0.896380
25900 0.896248
26000 0.896396
26100 0.895978
26200 0.895959
26300 0.896335
26400 0.896623
26500 0.896957
26600 0.897019
26700 0.897087
26800 0.897232
26900 0.897423
27000 0.897229
27100 0.897413
27200 0.897404
27300 0.897415
27400 0.897716
27500 0.897675
27600 0.897447
27700 0.897526
27800 0.897554
27900 0.897902
28000 0.897842
28100 0.898002
28200 0.897963
28300 0.897956
28400 0.898015
28500 0.898280
28600 0.898230
28700 0.898211
28800 0.897800
28900 0.897846
29000 0.897431
29100 0.897649
29200 0.897762
29300 0.897547
29400 0.897473
29500 0.897477
29600 0.897431
29700 0.897545
29800 0.897468
29900 0.897612
30000 0.897189
30100 0.897377
30200 0.897582
30300 0.897766
30400 0.897759
30500 0.897868
30600 0.898058
30700 0.898107
30800 0.898326
30900 0.898265
31000 0.898435
31100 0.898236
31200 0.898388
31300 0.898313
31400 0.898262
31500 0.898248
31600 0.898126
31700 0.898287
31800 0.898486
31900 0.898611
32000 0.898403
32100 0.898160
32200 0.898299
32300 0.898113
32400 0.897856
32500 0.897789
32600 0.897944
32700 0.897976
32800 0.897684
32900 0.897800
33000 0.897814
33100 0.897874
33200 0.897887
33300 0.897876
33400 0.898019
33500 0.897679
33600 0.897776
33700 0.897692
33800 0.897587
33900 0.897228
34000 0.897275
34100 0.897217
34200 0.897189
34300 0.897489
34400 0.897373
34500 0.897386
34600 0.897197
34700 0.897136
34800 0.897206
34900 0.897195
35000 0.897143
35100 0.897077
35200 0.897111
35300 0.896912
35400 0.896874
35500 0.896977
35600 0.896665
35700 0.896589
35800 0.896552
35900 0.896468
36000 0.896370
