100 13.881346
200 14.101103
300 17.600681
400 17.149140
500 18.277454
600 17.518664
700 18.283263
800 17.950611
900 17.458180
1000 16.722795
1100 16.376789
1200 16.091631
1300 16.533534
1400 16.762356
1500 16.384583
1600 16.404967
1700 16.417465
1800 16.369086
1900 16.903852
2000 17.427383
2100 17.595294
2200 17.660008
2300 17.738468
2400 18.023758
2500 18.604776
2600 18.347698
2700 18.808695
2800 18.648850
2900 18.507406
3000 18.462930
3100 18.292149
3200 18.138114
3300 18.132011
3400 18.118880
3500 18.240729
3600 18.146151
3700 18.157236
3800 18.038030
3900 17.875569
4000 17.759775
4100 17.771101
4200 17.844171
4300 17.769757
4400 18.057944
4500 18.131234
4600 18.051697
4700 17.992755
4800 18.023330
4900 17.911914
5000 18.041436
5100 18.065663
5200 18.068189
5300 18.041895
5400 17.996397
5500 18.025444
5600 17.945771
5700 17.916230
5800 18.050106
5900 18.105698
6000 18.167511
6100 18.093933
6200 18.037118
6300 18.056222
6400 18.129956
6500 18.064673
6600 17.981738
6700 17.881316
6800 17.862323
6900 17.902611
7000 17.978918
7100 17.954096
7200 17.902027
7300 17.829838
7400 17.798169
7500 17.705457
7600 17.627020
7700 17.560648
7800 17.579174
7900 17.553361
8000 17.607386
8100 17.588846
8200 17.546882
8300 17.472749
8400 17.769722
8500 17.726761
8600 17.678908
8700 17.687453
8800 17.688111
8900 17.873037
9000 17.880423
9100 17.820978
9200 17.764992
9300 17.671842
9400 17.584247
9500 17.536437
9600 17.478032
9700 17.424593
9800 17.389486
9900 17.374613
10000 17.327870
10100 17.304938
10200 17.352748
10300 17.360182
10400 17.406983
10500 17.386905
10600 17.309986
10700 17.286630
10800 17.239083
10900 17.400311
11000 17.385193
11100 17.331163
11200 17.336331
11300 17.302563
11400 17.273147
11500 17.296519
11600 17.338319
11700 17.315720
11800 17.344717
11900 17.337676
12000 17.353434
12100 17.370083
12200 17.383407
12300 17.648502
12400 17.622759
12500 17.595293
12600 17.577295
12700 17.572685
12800 17.551837
12900 17.539486
13000 17.540507
13100 17.598196
13200 17.725450
13300 17.689229
13400 17.627804
13500 17.619615
13600 17.619101
13700 17.639841
13800 17.633200
13900 17.681959
14000 17.683427
14100 17.707915
14200 17.701395
14300 17.729283
14400 17.718364
14500 17.768589
14600 17.767998
14700 17.756654
14800 17.734711
14900 17.739024
15000 17.814951
15100 17.794709
15200 17.827508
15300 17.896927
15400 18.008959
15500 18.019495
15600 17.995752
15700 18.007021
15800 17.991010
15900 18.037269
16000 18.007432
16100 17.978890
16200 17.990133
16300 17.966221
16400 17.950652
16500 17.918296
16600 17.893711
16700 17.868269
16800 17.865410
16900 17.857444
17000 17.856653
17100 17.923050
17200 17.939546
17300 17.933345
17400 17.954545
17500 17.932581
17600 17.956043
17700 17.943028
17800 17.988163
17900 17.968311
18000 17.939198
18100 17.947411
18200 18.052430
18300 18.025448
18400 18.036005
18500 18.020729
18600 18.013361
18700 18.089826
18800 18.066806
18900 18.066325
19000 18.106519
19100 18.099159
19200 18.072895
19300 18.076839
19400 18.061715
19500 18.157017
19600 18.133507
19700 18.102788
19800 18.090663
19900 18.079703
20000 18.076307
20100 18.057510
20200 18.055495
20300 18.038763
20400 18.022364
20500 18.029298
20600 18.036449
20700 18.021369
20800 17.996380
20900 17.993795
21000 17.974544
21100 17.960722
21200 18.007658
21300 17.970185
21400 17.963369
21500 17.931054
21600 17.909599
21700 17.903890
21800 17.910646
21900 17.928749
22000 17.940804
22100 17.932517
22200 17.924181
22300 17.937317
22400 17.958878
22500 17.958280
22600 17.946338
22700 17.949997
22800 17.921909
22900 17.938086
23000 17.941735
23100 17.934068
23200 17.960457
23300 17.956686
23400 17.938801
23500 17.986245
23600 17.996508
23700 17.972812
23800 17.941430
23900 17.937368
24000 17.923072
24100 17.899428
24200 17.886129
24300 17.866477
24400 17.896356
24500 17.926737
24600 17.945774
24700 17.937159
24800 17.915474
24900 17.890869
25000 17.902428
25100 17.913302
25200 17.922344
25300 18.008783
25400 18.030626
25500 18.017043
25600 18.009733
25700 18.011084
25800 17.997616
25900 18.009353
26000 18.087885
26100 18.086502
26200 18.064672
26300 18.043664
26400 18.069260
26500 18.046990
26600 18.091801
26700 18.105582
26800 18.120627
26900 18.152015
27000 18.131979
27100 18.113558
27200 18.144762
27300 18.207263
27400 18.188252
27500 18.162828
27600 18.168900
27700 18.261817
27800 18.258098
27900 18.272197
28000 18.256968
28100 18.235263
28200 18.220003
28300 18.209683
28400 18.207532
28500 18.430442
28600 18.436242
28700 18.442041
28800 18.462978
28900 18.467023
29000 18.474290
29100 18.470940
29200 18.486351
29300 18.491020
29400 18.481926
29500 18.496402
29600 18.479441
29700 18.472697
29800 18.449561
29900 18.441426
30000 18.422838
30100 18.402077
30200 18.392132
30300 18.386920
30400 18.371157
30500 18.369856
30600 18.369142
30700 18.357464
30800 18.336881
30900 18.327980
31000 18.356877
31100 18.347834
31200 18.358091
31300 18.347221
31400 18.341155
31500 18.314087
31600 18.328182
31700 18.334319
31800 18.330738
31900 18.343129
32000 18.332808
32100 18.333284
32200 18.368702
32300 18.394987
32400 18.391681
32500 18.377295
32600 18.374819
32700 18.370763
32800 18.354604
32900 18.358945
33000 18.374442
33100 18.383367
33200 18.368685
33300 18.402476
33400 18.384093
33500 18.385009
33600 18.368257
33700 18.339548
33800 18.318487
33900 18.302923
34000 18.282637
34100 18.267391
34200 18.281723
34300 18.268362
34400 18.275454
34500 18.263810
34600 18.255042
34700 18.262869
34800 18.265810
34900 18.260317
35000 18.243753
35100 18.242810
35200 18.250505
35300 18.398171
35400 18.399002
35500 18.391665
35600 18.391996
35700 18.375846
35800 18.376757
35900 18.384410
36000 18.445192
