100 0.938850
200 0.939117
300 0.949877
400 0.948201
500 0.953076
600 0.952310
700 0.952581
800 0.952030
900 0.950520
1000 0.947426
1100 0.946944
1200 0.946424
1300 0.948058
1400 0.948675
1500 0.947275
1600 0.946428
1700 0.946439
1800 0.946487
1900 0.947331
2000 0.947653
2100 0.947593
2200 0.948321
2300 0.948431
2400 0.948727
2500 0.949821
2600 0.948924
2700 0.949937
2800 0.949746
2900 0.949960
3000 0.950371
3100 0.950215
3200 0.950474
3300 0.950682
3400 0.950562
3500 0.951059
3600 0.951397
3700 0.951166
3800 0.951072
3900 0.950593
4000 0.950419
4100 0.950457
4200 0.950873
4300 0.950645
4400 0.950974
4500 0.950728
4600 0.950984
4700 0.950751
4800 0.951089
4900 0.950683
5000 0.951074
5100 0.951245
5200 0.951118
5300 0.951099
5400 0.951044
5500 0.951140
5600 0.950878
5700 0.950995
5800 0.951256
5900 0.951150
6000 0.951095
6100 0.951138
6200 0.951294
6300 0.951369
6400 0.951582
6500 0.951551
6600 0.951544
6700 0.951200
6800 0.951318
6900 0.951193
7000 0.951369
7100 0.951199
7200 0.951199
7300 0.951145
7400 0.951044
7500 0.950688
7600 0.950536
7700 0.950183
7800 0.950198
7900 0.950214
8000 0.950449
8100 0.950467
8200 0.950508
8300 0.950250
8400 0.950536
8500 0.950412
8600 0.950271
8700 0.950286
8800 0.950346
8900 0.950562
9000 0.950614
9100 0.950468
9200 0.950396
9300 0.950025
9400 0.949703
9500 0.949614
9600 0.949530
9700 0.949556
9800 0.949618
9900 0.949539
10000 0.949491
10100 0.949552
10200 0.949694
10300 0.949747
10400 0.949826
10500 0.949836
10600 0.949667
10700 0.949621
10800 0.949640
10900 0.949767
11000 0.949763
11100 0.949631
11200 0.949580
11300 0.949504
11400 0.949488
11500 0.949468
11600 0.949590
11700 0.949663
11800 0.949714
11900 0.949667
12000 0.949749
12100 0.949829
12200 0.949755
12300 0.949892
12400 0.949777
12500 0.949729
12600 0.949683
12700 0.949680
12800 0.949653
12900 0.949769
13000 0.949845
13100 0.949983
13200 0.950161
13300 0.950087
13400 0.949864
13500 0.949890
13600 0.949830
13700 0.949879
13800 0.949872
13900 0.949861
14000 0.949855
14100 0.949960
14200 0.949857
14300 0.949900
14400 0.949947
14500 0.949991
14600 0.949924
14700 0.949862
14800 0.949898
14900 0.949801
15000 0.949887
15100 0.949837
15200 0.949880
15300 0.950063
15400 0.950255
15500 0.950313
15600 0.950265
15700 0.950296
15800 0.950282
15900 0.950420
16000 0.950423
16100 0.950341
16200 0.950318
16300 0.950266
16400 0.950195
16500 0.950111
16600 0.950082
16700 0.950024
16800 0.950078
16900 0.950125
17000 0.950117
17100 0.950184
17200 0.950161
17300 0.950181
17400 0.950236
17500 0.950174
17600 0.950272
17700 0.950302
17800 0.950369
17900 0.950289
18000 0.950289
18100 0.950385
18200 0.950518
18300 0.950412
18400 0.950375
18500 0.950330
18600 0.950377
18700 0.950478
18800 0.950418
18900 0.950484
19000 0.950502
19100 0.950510
19200 0.950460
19300 0.950513
19400 0.950459
19500 0.950608
19600 0.950608
19700 0.950546
19800 0.950564
19900 0.950513
20000 0.950429
20100 0.950359
20200 0.950353
20300 0.950290
20400 0.950240
20500 0.950249
20600 0.950278
20700 0.950219
20800 0.950128
20900 0.950150
21000 0.950136
21100 0.950117
21200 0.950241
21300 0.950060
21400 0.950108
21500 0.950037
21600 0.950005
21700 0.950041
21800 0.950069
21900 0.950165
22000 0.950181
22100 0.950200
22200 0.950213
22300 0.950220
22400 0.950219
22500 0.950245
22600 0.950267
22700 0.950303
22800 0.950236
22900 0.950231
23000 0.950237
23100 0.950227
23200 0.950346
23300 0.950327
23400 0.950225
23500 0.950297
23600 0.950316
23700 0.950194
23800 0.950113
23900 0.950052
24000 0.950002
24100 0.949988
24200 0.949934
24300 0.949910
24400 0.949973
24500 0.949969
24600 0.950015
24700 0.949967
24800 0.949980
24900 0.949897
25000 0.949877
25100 0.949923
25200 0.949945
25300 0.950050
25400 0.950069
25500 0.949976
25600 0.949988
25700 0.949945
25800 0.949928
25900 0.949931
26000 0.950008
26100 0.950025
26200 0.949931
26300 0.949901
26400 0.950000
26500 0.949946
26600 0.949972
26700 0.950036
26800 0.950113
26900 0.950148
27000 0.950099
27100 0.950058
27200 0.950109
27300 0.950213
27400 0.950137
27500 0.950081
27600 0.950129
27700 0.950171
27800 0.950145
27900 0.950188
28000 0.950128
28100 0.950052
28200 0.949989
28300 0.950013
28400 0.950002
28500 0.950122
28600 0.950149
28700 0.950195
28800 0.950236
28900 0.950194
29000 0.950264
29100 0.950253
29200 0.950313
29300 0.950351
29400 0.950381
29500 0.950402
29600 0.950334
29700 0.950368
29800 0.950321
29900 0.950323
30000 0.950285
30100 0.950237
30200 0.950197
30300 0.950164
30400 0.950132
30500 0.950167
30600 0.950197
30700 0.950194
30800 0.950138
30900 0.950123
31000 0.950196
31100 0.950157
31200 0.950197
31300 0.950176
31400 0.950199
31500 0.950142
31600 0.950198
31700 0.950216
31800 0.950199
31900 0.950216
32000 0.950162
32100 0.950222
32200 0.950254
32300 0.950282
32400 0.950232
32500 0.950221
32600 0.950199
32700 0.950185
32800 0.950156
32900 0.950160
33000 0.950172
33100 0.950205
33200 0.950205
33300 0.950244
33400 0.950164
33500 0.950160
33600 0.950117
33700 0.950034
33800 0.949965
33900 0.949927
34000 0.949878
34100 0.949859
34200 0.949901
34300 0.949900
34400 0.949921
34500 0.949882
34600 0.949864
34700 0.949896
34800 0.949911
34900 0.949870
35000 0.949802
35100 0.949774
35200 0.949797
35300 0.949923
35400 0.949922
35500 0.949924
35600 0.949926
35700 0.949913
35800 0.949949
35900 0.949976
36000 0.949991
